IsoValue 11 dB(A)
370760,639;290337,000;11,22
370760,639;290337,000;11,22
370760,833;290337,181;11,22
370761,000;290337,369;11,22
370761,667;290337,458;11,22
370763,333;290337,524;11,22
370763,935;290337,533;11,22
370764,613;290337,540;11,22
370765,346;290337,544;11,22
370766,112;290337,546;11,22
370766,888;290337,544;11,22
370767,654;290337,540;11,22
370768,387;290337,532;11,22
370769,065;290337,522;11,22
370769,667;290337,508;11,22
370771,318;290337,407;11,22
370772,267;290337,000;11,22
IsoValue 11 dB(A)
370777,668;290337,000;11,22
370777,668;290337,000;11,22
370777,848;290337,199;11,22
370778,000;290337,408;11,22
370778,667;290337,478;11,22
370780,333;290337,530;11,22
370780,935;290337,538;11,22
370781,613;290337,543;11,22
370782,346;290337,546;11,22
370783,112;290337,547;11,22
370783,888;290337,545;11,22
370784,654;290337,540;11,22
370785,387;290337,532;11,22
370786,065;290337,521;11,22
370786,667;290337,507;11,22
370788,318;290337,406;11,22
370789,262;290337,000;11,22
IsoValue 11 dB(A)
370801,597;290337,000;11,22
370801,597;290337,000;11,22
370801,811;290337,201;11,22
370802,000;290337,413;11,22
370802,688;290337,481;11,22
370804,500;290337,531;11,22
370805,092;290337,538;11,22
370805,756;290337,543;11,22
370806,474;290337,546;11,22
370807,228;290337,547;11,22
370808,000;290337,546;11,22
370808,772;290337,543;11,22
370809,526;290337,538;11,22
370810,244;290337,530;11,22
370810,908;290337,520;11,22
370811,500;290337,508;11,22
370813,297;290337,407;11,22
370814,264;290337,000;11,22
IsoValue 11 dB(A)
370840,714;290337,000;11,22
370840,714;290337,000;11,22
370841,000;290337,293;11,22
370841,646;290337,419;11,22
370843,167;290337,511;11,22
370843,779;290337,526;11,22
370844,474;290337,536;11,22
370845,223;290337,543;11,22
370846,000;290337,547;11,22
370846,777;290337,548;11,22
370847,526;290337,545;11,22
370848,221;290337,541;11,22
370848,833;290337,534;11,22
370850,342;290337,483;11,22
370851,187;290337,208;11,22
370851,399;290337,000;11,22
IsoValue 11 dB(A)
370901,729;290337,000;11,22
370901,729;290337,000;11,22
370902,000;290337,259;11,22
370902,500;290337,269;11,22
370903,000;290337,314;11,22
370903,604;290337,411;11,22
370904,833;290337,507;11,22
370905,478;290337,527;11,22
370906,213;290337,537;11,22
370906,988;290337,537;11,22
370907,756;290337,526;11,22
370908,466;290337,501;11,22
370910,097;290337,266;11,22
370910,426;290337,000;11,22
IsoValue 11 dB(A)
370949,734;290337,000;11,22
370949,734;290337,000;11,22
370950,000;290337,268;11,22
370950,998;290337,268;11,22
370951,984;290337,268;11,22
370952,947;290337,266;11,22
370953,873;290337,264;11,22
370954,753;290337,260;11,22
370955,573;290337,255;11,22
370956,322;290337,247;11,22
370956,987;290337,237;11,22
370959,349;290337,000;11,22
IsoValue 11 dB(A)
371025,000;290668,497;11,22
371025,000;290668,497;11,22
371024,734;290668,863;11,22
371024,445;290669,000;11,22
371024,445;290669,996;11,22
371024,445;290670,969;11,22
371024,445;290671,896;11,22
371024,446;290672,753;11,22
371024,447;290673,518;11,22
371024,448;290674,167;11,22
371024,465;290675,386;11,22
371024,742;290676,247;11,22
371025,000;290676,514;11,22
IsoValue 11 dB(A)
370620,000;290661,368;11,22
370620,000;290661,368;11,22
370620,185;290661,171;11,22
370620,379;290661,000;11,22
370620,463;290660,333;11,22
370620,526;290658,667;11,22
370620,534;290658,065;11,22
370620,541;290657,387;11,22
370620,545;290656,654;11,22
370620,547;290655,888;11,22
370620,546;290655,112;11,22
370620,543;290654,346;11,22
370620,537;290653,613;11,22
370620,529;290652,935;11,22
370620,518;290652,333;11,22
370620,445;290650,667;11,22
370620,370;290650,000;11,22
370620,328;290649,514;11,22
370620,000;290648,676;11,22
IsoValue 11 dB(A)
370620,000;290605,350;11,22
370620,000;290605,350;11,22
370620,266;290605,161;11,22
370620,555;290605,000;11,22
370620,552;290604,500;11,22
370620,528;290604,000;11,22
370620,475;290603,500;11,22
370620,419;290603,000;11,22
370620,384;290602,514;11,22
370620,183;290601,852;11,22
370620,000;290601,675;11,22
IsoValue 11 dB(A)
370620,000;290557,496;11,22
370620,000;290557,496;11,22
370620,251;290557,237;11,22
370620,523;290557,000;11,22
370620,538;290556,468;11,22
370620,554;290554,942;11,22
370620,555;290553,997;11,22
370620,555;290553,445;11,22
IsoValue 50 dB(A)
370923,495;290413,052;50,00
370924,624;290412,918;50,00
370925,260;290412,893;50,00
370926,056;290412,864;50,00
370926,938;290412,833;50,00
370927,833;290412,796;50,00
370928,936;290412,741;50,00
370929,891;290412,685;50,00
370930,667;290412,636;50,00
370931,479;290412,597;50,00
370932,167;290412,631;50,00
370932,984;290412,755;50,00
370933,833;290412,940;50,00
370934,479;290413,133;50,00
370935,000;290413,336;50,00
370935,486;290413,551;50,00
370935,889;290413,746;50,00
370936,387;290414,042;50,00
370936,673;290414,240;50,00
370937,002;290414,477;50,00
370937,349;290414,744;50,00
370937,744;290415,078;50,00
370938,199;290415,495;50,00
370938,603;290415,880;50,00
370939,060;290416,353;50,00
370939,339;290416,676;50,00
370939,773;290417,213;50,00
370940,254;290417,838;50,00
370940,778;290418,546;50,00
370941,028;290418,898;50,00
370941,545;290419,666;50,00
370941,923;290420,259;50,00
370942,208;290420,707;50,00
370942,523;290421,231;50,00
370942,903;290421,902;50,00
370943,414;290422,833;50,00
370943,753;290423,479;50,00
370944,022;290424,000;50,00
370944,285;290424,500;50,00
370944,541;290425,002;50,00
370944,778;290425,506;50,00
370945,010;290426,008;50,00
370945,251;290426,511;50,00
370945,500;290427,042;50,00
370945,746;290427,616;50,00
370945,971;290428,161;50,00
370946,161;290428,615;50,00
370946,331;290429,040;50,00
370946,502;290429,505;50,00
370946,678;290430,000;50,00
370946,859;290430,500;50,00
370947,029;290431,000;50,00
370947,176;290431,500;50,00
370947,316;290432,000;50,00
370947,466;290432,521;50,00
370947,624;290433,167;50,00
370947,777;290433,989;50,00
370947,904;290434,833;50,00
370947,981;290435,479;50,00
370948,030;290436,000;50,00
370948,076;290436,521;50,00
370948,110;290437,167;50,00
370948,116;290438,021;50,00
370948,085;290439,000;50,00
370948,016;290439,996;50,00
370947,906;290441,000;50,00
370947,764;290441,966;50,00
370947,613;290442,833;50,00
370947,485;290443,479;50,00
370947,377;290444,000;50,00
370947,279;290444,500;50,00
370947,169;290445,000;50,00
370947,035;290445,500;50,00
370946,891;290446,000;50,00
370946,746;290446,521;50,00
370946,556;290447,167;50,00
370946,298;290447,973;50,00
370945,950;290449,000;50,00
370945,623;290449,923;50,00
370945,284;290450,833;50,00
370945,023;290451,479;50,00
370944,800;290452,000;50,00
370944,588;290452,500;50,00
370944,377;290453,000;50,00
370944,161;290453,500;50,00
370943,945;290454,000;50,00
370943,720;290454,521;50,00
370943,419;290455,167;50,00
370943,051;290455,902;50,00
370942,563;290456,833;50,00
370942,213;290457,479;50,00
370941,924;290458,000;50,00
370941,618;290458,542;50,00
370941,129;290459,333;50,00
370940,728;290459,946;50,00
370940,281;290460,617;50,00
370939,855;290461,249;50,00
370939,630;290461,579;50,00
370939,192;290462,206;50,00
370938,852;290462,649;50,00
370938,371;290463,248;50,00
370937,825;290463,912;50,00
370937,316;290464,510;50,00
370936,710;290465,167;50,00
370936,148;290465,744;50,00
370935,535;290466,357;50,00
370935,050;290466,833;50,00
370934,379;290467,479;50,00
370933,819;290468,000;50,00
370933,278;290468,491;50,00
370932,781;290468,930;50,00
370932,360;290469,285;50,00
370931,952;290469,605;50,00
370931,493;290469,947;50,00
370930,993;290470,302;50,00
370930,479;290470,652;50,00
370929,971;290470,986;50,00
370929,479;290471,303;50,00
370928,993;290471,604;50,00
370928,499;290471,892;50,00
370928,000;290472,157;50,00
370927,500;290472,392;50,00
370927,000;290472,606;50,00
370926,500;290472,811;50,00
370926,000;290473,011;50,00
370925,500;290473,206;50,00
370925,000;290473,405;50,00
370924,500;290473,612;50,00
370924,000;290473,796;50,00
370923,500;290473,931;50,00
370923,000;290474,033;50,00
370922,479;290474,133;50,00
370921,833;290474,272;50,00
370921,009;290474,465;50,00
370920,000;290474,657;50,00
370919,001;290474,763;50,00
370918,000;290474,845;50,00
370917,013;290474,957;50,00
370916,000;290475,026;50,00
370915,031;290474,970;50,00
370914,167;290474,847;50,00
370913,521;290474,735;50,00
370913,000;290474,642;50,00
370912,500;290474,554;50,00
370912,000;290474,454;50,00
370911,500;290474,329;50,00
370911,000;290474,195;50,00
370910,500;290474,070;50,00
370910,000;290473,942;50,00
370909,500;290473,799;50,00
370909,000;290473,658;50,00
370908,500;290473,541;50,00
370908,000;290473,457;50,00
370907,500;290473,410;50,00
370907,000;290473,396;50,00
370906,507;290473,418;50,00
370906,058;290473,518;50,00
370905,687;290473,722;50,00
370905,397;290473,961;50,00
370904,998;290474,055;50,00
370904,814;290473,606;50,00
370904,594;290472,792;50,00
370904,394;290471,980;50,00
370904,202;290471,067;50,00
370904,103;290470,445;50,00
370904,001;290469,440;50,00
370903,814;290468,236;50,00
370903,473;290467,342;50,00
370903,130;290465,500;50,00
370903,083;290464,907;50,00
370903,044;290464,236;50,00
370903,014;290463,499;50,00
370902,990;290462,708;50,00
370902,973;290461,875;50,00
370902,961;290461,012;50,00
370902,953;290460,131;50,00
370902,948;290459,244;50,00
370902,946;290458,363;50,00
370902,945;290457,500;50,00
370902,944;290456,318;50,00
370902,941;290455,206;50,00
370902,933;290454,172;50,00
370902,916;290453,226;50,00
370902,888;290452,376;50,00
370902,846;290451,631;50,00
370902,785;290451,000;50,00
370902,455;290449,313;50,00
370902,127;290446,500;50,00
370902,098;290445,941;50,00
370902,074;290445,330;50,00
370902,052;290444,676;50,00
370902,033;290443,984;50,00
370902,015;290443,264;50,00
370902,000;290442,521;50,00
370901,985;290441,764;50,00
370901,970;290441,000;50,00
370901,956;290440,236;50,00
370901,941;290439,479;50,00
370901,926;290438,736;50,00
370901,908;290438,016;50,00
370901,889;290437,324;50,00
370901,867;290436,670;50,00
370901,842;290436,059;50,00
370901,814;290435,500;50,00
370901,485;290432,792;50,00
370901,152;290431,833;50,00
370901,007;290431,018;50,00
370900,989;290430,311;50,00
370901,164;290429,828;50,00
370901,521;290429,696;50,00
370902,000;290429,613;50,00
370902,521;290429,648;50,00
370903,167;290429,725;50,00
370904,062;290429,753;50,00
370905,333;290429,733;50,00
370906,135;290429,712;50,00
370906,999;290429,686;50,00
370907,863;290429,658;50,00
370908,667;290429,630;50,00
370909,937;290429,582;50,00
370910,833;290429,548;50,00
370911,468;290429,517;50,00
370911,911;290429,433;50,00
370912,214;290429,237;50,00
370912,391;290428,919;50,00
370912,462;290428,386;50,00
370912,493;290427,167;50,00
370912,506;290426,522;50,00
370912,520;290425,787;50,00
370912,529;290425,008;50,00
370912,530;290424,235;50,00
370912,518;290423,515;50,00
370912,489;290422,894;50,00
370912,299;290421,800;50,00
370912,053;290421,410;50,00
370911,762;290420,727;50,00
370911,742;290419,987;50,00
370911,767;290419,167;50,00
370911,799;290418,534;50,00
370911,845;290418,108;50,00
370912,137;290417,607;50,00
370912,499;290417,356;50,00
370912,857;290417,143;50,00
370913,262;290416,918;50,00
370913,592;290416,719;50,00
370914,042;290416,469;50,00
370914,554;290416,228;50,00
370915,071;290415,995;50,00
370915,572;290415,755;50,00
370916,184;290415,488;50,00
370916,958;290415,202;50,00
370917,833;290414,886;50,00
370918,479;290414,625;50,00
370919,000;290414,394;50,00
370919,500;290414,177;50,00
370920,000;290413,980;50,00
370920,500;290413,811;50,00
370921,000;290413,662;50,00
370921,515;290413,519;50,00
370922,124;290413,366;50,00
370922,856;290413,197;50,00
370923,495;290413,052;50,00
IsoValue 50 dB(A)
370755,715;290422,098;50,00
370756,137;290421,846;50,00
370756,517;290421,715;50,00
370757,000;290421,584;50,00
370757,500;290421,501;50,00
370758,000;290421,487;50,00
370758,494;290421,552;50,00
370758,949;290421,674;50,00
370759,333;290421,826;50,00
370759,630;290421,972;50,00
370760,116;290422,286;50,00
370760,511;290422,609;50,00
370760,976;290423,034;50,00
370761,420;290423,507;50,00
370761,822;290424,001;50,00
370762,180;290424,500;50,00
370762,501;290425,000;50,00
370762,793;290425,500;50,00
370763,063;290426,000;50,00
370763,317;290426,500;50,00
370763,556;290427,000;50,00
370763,794;290427,530;50,00
370764,096;290428,242;50,00
370764,395;290428,968;50,00
370764,702;290429,720;50,00
370764,873;290430,136;50,00
370765,108;290430,697;50,00
370765,283;290431,076;50,00
370765,497;290431,497;50,00
370765,712;290431,896;50,00
370766,016;290432,419;50,00
370766,178;290432,692;50,00
370766,392;290432,977;50,00
370766,683;290433,234;50,00
370767,056;290433,442;50,00
370767,490;290433,595;50,00
370767,864;290433,724;50,00
370768,153;290434,119;50,00
370768,191;290434,514;50,00
370768,310;290434,994;50,00
370768,586;290435,648;50,00
370768,869;290437,308;50,00
370768,913;290437,907;50,00
370768,950;290438,583;50,00
370768,982;290439,314;50,00
370769,011;290440,078;50,00
370769,040;290440,853;50,00
370769,070;290441,618;50,00
370769,105;290442,349;50,00
370769,146;290443,026;50,00
370769,198;290443,648;50,00
370769,606;290445,275;50,00
370770,508;290445,774;50,00
370771,206;290445,862;50,00
370772,001;290445,891;50,00
370772,797;290445,860;50,00
370773,500;290445,768;50,00
370774,708;290445,436;50,00
370777,167;290445,102;50,00
370777,734;290445,069;50,00
370778,358;290445,040;50,00
370779,030;290445,014;50,00
370779,739;290444,992;50,00
370780,477;290444,972;50,00
370781,233;290444,953;50,00
370781,999;290444,935;50,00
370782,765;290444,918;50,00
370783,522;290444,900;50,00
370784,259;290444,881;50,00
370784,968;290444,859;50,00
370785,638;290444,836;50,00
370786,261;290444,809;50,00
370786,827;290444,777;50,00
370789,192;290444,341;50,00
370789,810;290443,155;50,00
370789,882;290442,513;50,00
370789,934;290441,768;50,00
370789,974;290440,957;50,00
370790,008;290440,117;50,00
370790,042;290439,286;50,00
370790,084;290438,499;50,00
370790,202;290437,178;50,00
370790,354;290436,145;50,00
370790,524;290435,333;50,00
370790,749;290434,541;50,00
370790,909;290433,992;50,00
370791,001;290433,487;50,00
370791,163;290433,044;50,00
370791,520;290432,719;50,00
370792,000;290432,503;50,00
370792,502;290432,365;50,00
370793,014;290432,257;50,00
370793,539;290432,137;50,00
370794,055;290432,018;50,00
370794,541;290431,927;50,00
370795,026;290431,891;50,00
370795,558;290431,929;50,00
370796,216;290432,032;50,00
370797,025;290432,189;50,00
370797,760;290432,406;50,00
370798,213;290432,682;50,00
370798,490;290432,976;50,00
370798,736;290433,246;50,00
370798,947;290433,499;50,00
370799,094;290433,759;50,00
370799,221;290434,083;50,00
370799,376;290434,513;50,00
370799,564;290435,024;50,00
370799,775;290435,569;50,00
370799,995;290436,095;50,00
370800,208;290436,569;50,00
370800,409;290437,024;50,00
370800,593;290437,498;50,00
370800,752;290437,957;50,00
370800,882;290438,355;50,00
370800,988;290438,661;50,00
370801,269;290439,154;50,00
370801,590;290439,623;50,00
370801,992;290440,287;50,00
370802,364;290441,081;50,00
370802,531;290441,814;50,00
370802,365;290442,320;50,00
370801,998;290442,636;50,00
370801,629;290442,852;50,00
370801,461;290443,067;50,00
370801,634;290443,388;50,00
370802,032;290443,952;50,00
370802,412;290444,648;50,00
370802,947;290445,734;50,00
370803,327;290446,429;50,00
370803,622;290446,913;50,00
370803,838;290447,263;50,00
370804,037;290447,534;50,00
370804,272;290447,774;50,00
370804,525;290448,002;50,00
370804,778;290448,222;50,00
370805,090;290448,382;50,00
370805,509;290448,412;50,00
370805,984;290448,204;50,00
370806,435;290447,716;50,00
370806,771;290447,207;50,00
370807,019;290446,702;50,00
370807,104;290446,385;50,00
370807,199;290445,967;50,00
370807,290;290445,454;50,00
370807,403;290444,667;50,00
370807,495;290443,922;50,00
370807,562;290443,113;50,00
370807,555;290442,383;50,00
370807,357;290441,706;50,00
370807,078;290441,366;50,00
370806,789;290440,716;50,00
370806,782;290439,986;50,00
370806,817;290439,167;50,00
370806,855;290438,521;50,00
370806,883;290438,000;50,00
370806,901;290437,494;50,00
370806,921;290436,949;50,00
370806,955;290436,396;50,00
370806,999;290436,130;50,00
370807,041;290436,396;50,00
370807,072;290436,949;50,00
370807,087;290437,494;50,00
370807,098;290438,000;50,00
370807,118;290438,521;50,00
370807,140;290439,167;50,00
370807,175;290440,000;50,00
370807,324;290440,833;50,00
370807,659;290441,542;50,00
370808,032;290442,500;50,00
370808,176;290443,201;50,00
370808,288;290443,994;50,00
370808,376;290444,789;50,00
370808,450;290445,500;50,00
370808,574;290446,457;50,00
370808,697;290447,153;50,00
370808,836;290448,168;50,00
370808,954;290450,444;50,00
370808,970;290451,065;50,00
370808,984;290451,747;50,00
370808,998;290452,475;50,00
370809,013;290453,236;50,00
370809,028;290454,014;50,00
370809,047;290454,797;50,00
370809,068;290455,569;50,00
370809,094;290456,317;50,00
370809,124;290457,026;50,00
370809,161;290457,683;50,00
370809,209;290458,319;50,00
370809,556;290460,498;50,00
370809,907;290462,667;50,00
370809,952;290463,252;50,00
370809,991;290463,909;50,00
370810,023;290464,628;50,00
370810,049;290465,397;50,00
370810,070;290466,208;50,00
370810,087;290467,048;50,00
370810,099;290467,908;50,00
370810,108;290468,777;50,00
370810,115;290469,645;50,00
370810,119;290470,500;50,00
370810,123;290471,333;50,00
370810,127;290472,577;50,00
370810,132;290473,734;50,00
370810,142;290474,797;50,00
370810,160;290475,761;50,00
370810,189;290476,620;50,00
370810,232;290477,368;50,00
370810,293;290478,000;50,00
370810,623;290479,583;50,00
370810,946;290481,667;50,00
370810,984;290482,252;50,00
370811,014;290482,908;50,00
370811,037;290483,624;50,00
370811,053;290484,389;50,00
370811,064;290485,192;50,00
370811,070;290486,021;50,00
370811,072;290486,865;50,00
370811,071;290487,713;50,00
370811,068;290488,553;50,00
370811,064;290489,375;50,00
370811,058;290490,167;50,00
370811,049;290491,514;50,00
370811,046;290492,722;50,00
370811,052;290493,792;50,00
370811,074;290494,722;50,00
370811,115;290495,514;50,00
370811,180;290496,167;50,00
370811,507;290497,399;50,00
370811,839;290498,023;50,00
370811,980;290498,567;50,00
370811,978;290499,093;50,00
370811,927;290499,567;50,00
370811,860;290500,023;50,00
370811,788;290500,503;50,00
370811,698;290501,000;50,00
370811,577;290501,500;50,00
370811,426;290502,000;50,00
370811,256;290502,491;50,00
370811,114;290502,930;50,00
370811,025;290503,256;50,00
370810,904;290503,385;50,00
370810,676;290503,259;50,00
370810,410;290502,955;50,00
370810,177;290502,564;50,00
370809,914;290502,101;50,00
370809,566;290501,588;50,00
370809,248;290501,145;50,00
370808,854;290500,705;50,00
370808,482;290500,547;50,00
370808,000;290500,446;50,00
370807,516;290500,460;50,00
370807,125;290500,578;50,00
370806,886;290500,781;50,00
370806,712;290501,088;50,00
370806,513;290501,503;50,00
370806,310;290501,939;50,00
370806,141;290502,324;50,00
370805,984;290502,755;50,00
370805,815;290503,324;50,00
370805,654;290503,939;50,00
370805,532;290504,492;50,00
370805,477;290505,000;50,00
370805,506;290505,485;50,00
370805,615;290505,880;50,00
370805,802;290506,129;50,00
370806,095;290506,304;50,00
370806,512;290506,491;50,00
370807,000;290506,677;50,00
370807,521;290506,832;50,00
370808,167;290506,923;50,00
370808,987;290506,939;50,00
370809,738;290506,931;50,00
370810,454;290507,048;50,00
370810,727;290507,202;50,00
370811,072;290507,398;50,00
370811,500;290507,605;50,00
370811,931;290507,785;50,00
370812,282;290507,908;50,00
370812,559;290507,988;50,00
370813,035;290508,067;50,00
370813,309;290508,047;50,00
370813,580;290508,003;50,00
370814,103;290507,862;50,00
370814,513;290507,704;50,00
370815,000;290507,512;50,00
370815,483;290507,331;50,00
370815,865;290507,183;50,00
370816,295;290507,014;50,00
370816,613;290506,969;50,00
370817,032;290506,926;50,00
370817,504;290506,872;50,00
370818,000;290506,805;50,00
370818,500;290506,727;50,00
370819,000;290506,638;50,00
370819,512;290506,535;50,00
370820,096;290506,399;50,00
370820,858;290506,215;50,00
370822,049;290506,010;50,00
370822,787;290505,920;50,00
370823,609;290505,835;50,00
370824,455;290505,756;50,00
370825,596;290505,655;50,00
370826,944;290505,536;50,00
370828,000;290505,453;50,00
370829,061;290505,396;50,00
370830,500;290505,355;50,00
370831,251;290505,341;50,00
370832,065;290505,329;50,00
370832,888;290505,318;50,00
370833,662;290505,310;50,00
370834,333;290505,304;50,00
370835,417;290505,300;50,00
370836,000;290505,299;50,00
370836,500;290505,287;50,00
370837,000;290505,253;50,00
370837,500;290505,192;50,00
370838,000;290505,127;50,00
370838,500;290505,080;50,00
370839,000;290505,050;50,00
370839,500;290505,030;50,00
370840,000;290505,026;50,00
370840,500;290505,042;50,00
370841,000;290505,055;50,00
370841,500;290505,046;50,00
370842,000;290505,031;50,00
370842,496;290505,045;50,00
370842,971;290505,188;50,00
370843,395;290505,524;50,00
370843,717;290505,926;50,00
370843,901;290506,255;50,00
370844,018;290506,521;50,00
370844,142;290506,797;50,00
370844,268;290507,255;50,00
370844,369;290508,028;50,00
370844,408;290509,000;50,00
370844,362;290509,994;50,00
370844,269;290511,000;50,00
370844,156;290511,990;50,00
370843,934;290512,949;50,00
370843,544;290513,807;50,00
370843,147;290514,463;50,00
370842,690;290515,116;50,00
370842,360;290515,514;50,00
370841,929;290516,000;50,00
370841,448;290516,497;50,00
370840,954;290516,974;50,00
370840,471;290517,415;50,00
370839,990;290517,821;50,00
370839,499;290518,197;50,00
370839,000;290518,550;50,00
370838,494;290518,891;50,00
370837,955;290519,240;50,00
370837,372;290519,605;50,00
370836,822;290519,939;50,00
370836,361;290520,204;50,00
370835,870;290520,444;50,00
370835,227;290520,712;50,00
370834,490;290521,003;50,00
370833,752;290521,297;50,00
370833,068;290521,567;50,00
370832,412;290521,808;50,00
370831,450;290522,092;50,00
370830,751;290522,273;50,00
370829,919;290522,467;50,00
370828,996;290522,655;50,00
370827,987;290522,820;50,00
370826,996;290522,937;50,00
370826,000;290523,018;50,00
370825,002;290523,076;50,00
370824,000;290523,124;50,00
370823,009;290523,173;50,00
370822,065;290523,218;50,00
370821,215;290523,254;50,00
370820,500;290523,272;50,00
370819,563;290523,249;50,00
370819,000;290523,176;50,00
370818,479;290523,095;50,00
370817,833;290523,039;50,00
370817,000;290523,037;50,00
370816,167;290523,123;50,00
370815,534;290523,313;50,00
370815,103;290523,552;50,00
370814,818;290523,778;50,00
370814,581;290523,966;50,00
370814,298;290524,106;50,00
370813,937;290524,193;50,00
370813,492;290524,230;50,00
370813,000;290524,236;50,00
370812,479;290524,229;50,00
370811,833;290524,204;50,00
370811,002;290524,170;50,00
370810,167;290524,189;50,00
370809,500;290524,306;50,00
370808,833;290524,411;50,00
370808,005;290524,398;50,00
370807,167;290524,312;50,00
370806,526;290524,224;50,00
370806,040;290524,146;50,00
370805,615;290524,067;50,00
370805,161;290523,965;50,00
370804,615;290523,820;50,00
370804,040;290523,661;50,00
370803,501;290523,512;50,00
370802,970;290523,361;50,00
370802,413;290523,187;50,00
370801,879;290522,996;50,00
370801,412;290522,793;50,00
370800,962;290522,563;50,00
370800,475;290522,293;50,00
370799,971;290521,996;50,00
370799,479;290521,685;50,00
370798,993;290521,345;50,00
370798,508;290520,967;50,00
370798,070;290520,599;50,00
370797,722;290520,284;50,00
370797,446;290520,017;50,00
370797,212;290519,775;50,00
370796,993;290519,533;50,00
370796,763;290519,264;50,00
370796,493;290518,925;50,00
370796,165;290518,491;50,00
370795,811;290518,000;50,00
370795,487;290517,500;50,00
370795,289;290517,000;50,00
370795,231;290516,512;50,00
370794,957;290516,098;50,00
370794,318;290515,850;50,00
370792,900;290515,582;50,00
370791,992;290515,441;50,00
370791,109;290515,308;50,00
370790,320;290515,193;50,00
370789,527;290515,060;50,00
370789,135;290514,857;50,00
370789,047;290514,482;50,00
370789,091;290514,000;50,00
370789,101;290513,500;50,00
370789,018;290513,000;50,00
370788,825;290512,500;50,00
370788,564;290512,000;50,00
370788,283;290511,500;50,00
370788,004;290511,000;50,00
370787,739;290510,500;50,00
370787,478;290510,000;50,00
370787,225;290509,500;50,00
370787,034;290509,000;50,00
370786,955;290508,519;50,00
370786,951;290508,149;50,00
370787,103;290507,763;50,00
370787,327;290507,429;50,00
370787,490;290506,982;50,00
370787,440;290506,511;50,00
370787,275;290506,107;50,00
370786,951;290505,595;50,00
370786,727;290505,320;50,00
370786,476;290505,043;50,00
370786,222;290504,807;50,00
370785,911;290504,559;50,00
370785,489;290504,248;50,00
370785,000;290503,906;50,00
370784,479;290503,564;50,00
370783,833;290503,142;50,00
370783,147;290502,683;50,00
370782,105;290501,980;50,00
370781,316;290501,459;50,00
370780,527;290500,984;50,00
370779,711;290500,544;50,00
370778,526;290499,926;50,00
370777,734;290499,500;50,00
370776,955;290499,062;50,00
370776,272;290498,647;50,00
370775,538;290498,127;50,00
370775,035;290497,704;50,00
370774,595;290497,332;50,00
370774,094;290496,945;50,00
370773,470;290496,503;50,00
370772,854;290496,079;50,00
370772,384;290495,749;50,00
370772,027;290495,485;50,00
370771,723;290495,241;50,00
370771,455;290495,009;50,00
370771,215;290494,786;50,00
370770,965;290494,551;50,00
370770,682;290494,291;50,00
370770,407;290494,046;50,00
370769,936;290493,634;50,00
370769,631;290493,352;50,00
370769,338;290493,079;50,00
370768,876;290492,651;50,00
370768,485;290492,270;50,00
370768,000;290491,771;50,00
370767,508;290491,229;50,00
370767,064;290490,729;50,00
370766,706;290490,338;50,00
370766,425;290490,046;50,00
370766,165;290489,783;50,00
370765,731;290489,308;50,00
370765,277;290488,787;50,00
370764,766;290488,197;50,00
370764,284;290487,641;50,00
370763,637;290486,883;50,00
370763,336;290486,482;50,00
370762,932;290485,995;50,00
370762,419;290485,477;50,00
370761,758;290484,845;50,00
370761,165;290484,254;50,00
370760,567;290483,627;50,00
370760,201;290483,216;50,00
370759,692;290482,568;50,00
370759,379;290482,110;50,00
370759,163;290481,803;50,00
370758,967;290481,557;50,00
370758,742;290481,280;50,00
370758,510;290480,931;50,00
370758,310;290480,509;50,00
370758,160;290480,144;50,00
370757,864;290479,744;50,00
370757,511;290479,394;50,00
370757,028;290478,811;50,00
370756,566;290478,114;50,00
370756,008;290477,167;50,00
370755,634;290476,500;50,00
370755,277;290475,833;50,00
370754,896;290475,096;50,00
370754,428;290474,167;50,00
370754,117;290473,500;50,00
370753,875;290472,833;50,00
370753,649;290472,021;50,00
370753,416;290471,147;50,00
370753,206;290470,464;50,00
370753,023;290469,921;50,00
370752,872;290469,443;50,00
370752,745;290468,980;50,00
370752,632;290468,498;50,00
370752,523;290468,000;50,00
370752,409;290467,500;50,00
370752,306;290467,000;50,00
370752,229;290466,500;50,00
370752,170;290466,000;50,00
370752,117;290465,479;50,00
370752,060;290464,833;50,00
370751,992;290463,982;50,00
370751,913;290463,000;50,00
370751,833;290462,025;50,00
370751,778;290461,167;50,00
370751,770;290460,521;50,00
370751,787;290460,000;50,00
370751,798;290459,500;50,00
370751,792;290459,000;50,00
370751,758;290458,500;50,00
370751,688;290458,000;50,00
370751,583;290457,479;50,00
370751,503;290456,833;50,00
370751,497;290455,980;50,00
370751,543;290455,000;50,00
370751,603;290454,002;50,00
370751,660;290453,000;50,00
370751,708;290452,021;50,00
370751,757;290451,167;50,00
370751,820;290450,534;50,00
370751,887;290450,101;50,00
370752,015;290449,572;50,00
370752,097;290449,271;50,00
370752,168;290448,768;50,00
370752,213;290447,992;50,00
370752,286;290447,167;50,00
370752,432;290446,521;50,00
370752,594;290446,000;50,00
370752,709;290445,500;50,00
370752,786;290445,000;50,00
370752,847;290444,500;50,00
370752,890;290444,000;50,00
370752,912;290443,500;50,00
370752,923;290443,000;50,00
370752,937;290442,500;50,00
370752,949;290442,000;50,00
370752,955;290441,500;50,00
370752,952;290441,000;50,00
370752,944;290440,479;50,00
370752,945;290439,833;50,00
370752,966;290439,001;50,00
370752,998;290438,167;50,00
370753,025;290437,500;50,00
370753,031;290436,833;50,00
370753,010;290436,001;50,00
370752,989;290435,167;50,00
370752,992;290434,521;50,00
370752,996;290434,000;50,00
370752,977;290433,500;50,00
370752,955;290433,000;50,00
370752,954;290432,500;50,00
370752,956;290432,000;50,00
370752,942;290431,500;50,00
370752,930;290431,000;50,00
370752,941;290430,500;50,00
370752,958;290430,000;50,00
370752,964;290429,500;50,00
370752,977;290429,000;50,00
370753,019;290428,500;50,00
370753,073;290428,000;50,00
370753,125;290427,500;50,00
370753,195;290427,000;50,00
370753,301;290426,500;50,00
370753,423;290426,000;50,00
370753,541;290425,507;50,00
370753,670;290425,058;50,00
370753,823;290424,687;50,00
370753,966;290424,397;50,00
370754,221;290423,891;50,00
370754,442;290423,501;50,00
370754,678;290423,118;50,00
370755,092;290422,638;50,00
370755,409;290422,357;50,00
370755,715;290422,098;50,00
IsoValue 50 dB(A)
370807,069;290509,000;50,00
370807,000;290508,947;50,00
370806,973;290509,000;50,00
370807,000;290509,033;50,00
370807,069;290509,000;50,00
IsoValue 50 dB(A)
370802,340;290515,000;50,00
370802,000;290514,801;50,00
370801,808;290515,000;50,00
370802,000;290515,280;50,00
370802,340;290515,000;50,00
IsoValue 50 dB(A)
370893,641;290505,024;50,00
370894,341;290504,948;50,00
370894,952;290504,896;50,00
370895,515;290504,858;50,00
370896,167;290504,826;50,00
370897,041;290504,794;50,00
370898,167;290504,765;50,00
370899,037;290504,750;50,00
370899,907;290504,740;50,00
370900,667;290504,735;50,00
370901,458;290504,738;50,00
370902,000;290504,746;50,00
370902,500;290504,751;50,00
370903,000;290504,749;50,00
370903,500;290504,741;50,00
370904,000;290504,727;50,00
370904,542;290504,709;50,00
370905,333;290504,703;50,00
370906,090;290504,715;50,00
370906,942;290504,743;50,00
370907,764;290504,787;50,00
370908,733;290504,899;50,00
370909,337;290505,127;50,00
370909,591;290505,516;50,00
370909,615;290506,000;50,00
370909,533;290506,490;50,00
370909,389;290506,922;50,00
370909,204;290507,256;50,00
370908,997;290507,523;50,00
370908,771;290507,777;50,00
370908,459;290508,089;50,00
370908,022;290508,499;50,00
370907,579;290508,900;50,00
370907,240;290509,197;50,00
370906,913;290509,466;50,00
370906,489;290509,798;50,00
370906,000;290510,147;50,00
370905,500;290510,451;50,00
370905,000;290510,718;50,00
370904,500;290510,968;50,00
370904,000;290511,200;50,00
370903,500;290511,412;50,00
370903,000;290511,608;50,00
370902,479;290511,796;50,00
370901,833;290511,998;50,00
370901,010;290512,215;50,00
370900,000;290512,388;50,00
370899,001;290512,425;50,00
370898,000;290512,378;50,00
370897,024;290512,311;50,00
370896,167;290512,258;50,00
370895,521;290512,232;50,00
370895,000;290512,191;50,00
370894,500;290512,097;50,00
370894,000;290511,981;50,00
370893,500;290511,877;50,00
370893,000;290511,757;50,00
370892,500;290511,589;50,00
370892,000;290511,375;50,00
370891,500;290511,125;50,00
370891,000;290510,847;50,00
370890,500;290510,544;50,00
370890,000;290510,202;50,00
370889,512;290509,821;50,00
370889,096;290509,468;50,00
370888,797;290509,198;50,00
370888,551;290508,940;50,00
370888,293;290508,628;50,00
370888,060;290508,333;50,00
370887,724;290507,875;50,00
370887,511;290507,484;50,00
370887,397;290507,000;50,00
370887,531;290506,517;50,00
370887,890;290506,135;50,00
370888,401;290505,921;50,00
370888,964;290505,806;50,00
370889,516;290505,702;50,00
370890,167;290505,578;50,00
370891,001;290505,429;50,00
370891,952;290505,269;50,00
370892,841;290505,132;50,00
370893,641;290505,024;50,00
IsoValue 55 dB(A)
370922,649;290420,064;55,00
370923,121;290419,771;55,00
370923,496;290419,746;55,00
370923,850;290419,787;55,00
370924,077;290420,125;55,00
370924,069;290420,516;55,00
370924,001;290421,000;55,00
370923,862;290421,500;55,00
370923,689;290422,000;55,00
370923,522;290422,500;55,00
370923,352;290423,000;55,00
370923,132;290423,562;55,00
370922,704;290424,493;55,00
370922,401;290425,120;55,00
370922,047;290425,838;55,00
370921,672;290426,588;55,00
370921,161;290427,590;55,00
370920,541;290428,749;55,00
370920,135;290429,465;55,00
370919,716;290430,118;55,00
370919,430;290430,515;55,00
370919,109;290431,000;55,00
370918,833;290431,500;55,00
370918,585;290432,000;55,00
370918,344;290432,483;55,00
370918,152;290432,866;55,00
370917,948;290433,297;55,00
370917,793;290433,631;55,00
370917,572;290434,163;55,00
370917,301;290434,900;55,00
370917,011;290435,689;55,00
370916,731;290436,386;55,00
370916,471;290437,047;55,00
370916,235;290437,736;55,00
370916,043;290438,335;55,00
370915,904;290438,741;55,00
370915,777;290439,084;55,00
370915,618;290439,510;55,00
370915,421;290440,000;55,00
370915,199;290440,500;55,00
370915,001;290441,000;55,00
370914,869;290441,500;55,00
370914,763;290442,000;55,00
370914,642;290442,500;55,00
370914,515;290443,000;55,00
370914,399;290443,521;55,00
370914,274;290444,167;55,00
370914,124;290444,986;55,00
370913,970;290445,833;55,00
370913,848;290446,479;55,00
370913,742;290447,000;55,00
370913,625;290447,500;55,00
370913,476;290448,000;55,00
370913,290;290448,521;55,00
370913,126;290449,167;55,00
370913,030;290450,041;55,00
370912,948;290451,167;55,00
370912,870;290452,032;55,00
370912,780;290452,897;55,00
370912,693;290453,667;55,00
370912,594;290454,479;55,00
370912,513;290455,167;55,00
370912,427;290455,996;55,00
370912,356;290456,833;55,00
370912,323;290457,479;55,00
370912,315;290458,000;55,00
370912,323;290458,500;55,00
370912,356;290459,000;55,00
370912,422;290459,500;55,00
370912,519;290460,000;55,00
370912,648;290460,521;55,00
370912,857;290461,167;55,00
370913,155;290461,936;55,00
370913,564;290462,833;55,00
370913,941;290463,474;55,00
370914,302;290463,955;55,00
370914,660;290464,355;55,00
370915,052;290464,701;55,00
370915,506;290465,000;55,00
370916,000;290465,223;55,00
370916,500;290465,355;55,00
370917,000;290465,448;55,00
370917,500;290465,552;55,00
370918,000;290465,617;55,00
370918,500;290465,593;55,00
370919,000;290465,530;55,00
370919,500;290465,483;55,00
370920,000;290465,442;55,00
370920,500;290465,383;55,00
370921,000;290465,310;55,00
370921,488;290465,228;55,00
370921,901;290465,145;55,00
370922,437;290464,994;55,00
370922,715;290464,909;55,00
370923,068;290464,797;55,00
370923,502;290464,645;55,00
370923,951;290464,454;55,00
370924,339;290464,240;55,00
370924,638;290464,043;55,00
370925,118;290463,676;55,00
370925,536;290463,321;55,00
370926,167;290462,761;55,00
370926,774;290462,204;55,00
370927,468;290461,550;55,00
370928,003;290461,033;55,00
370928,698;290460,342;55,00
370929,388;290459,638;55,00
370929,990;290459,011;55,00
370930,684;290458,276;55,00
370931,329;290457,575;55,00
370931,754;290457,097;55,00
370932,409;290456,322;55,00
370932,886;290455,723;55,00
370933,216;290455,280;55,00
370933,534;290454,764;55,00
370933,899;290454,083;55,00
370934,365;290453,167;55,00
370934,685;290452,521;55,00
370934,953;290452,000;55,00
370935,234;290451,498;55,00
370935,513;290450,982;55,00
370935,765;290450,448;55,00
370935,996;290449,927;55,00
370936,220;290449,448;55,00
370936,437;290448,982;55,00
370936,653;290448,498;55,00
370936,886;290448,000;55,00
370937,152;290447,476;55,00
370937,435;290446,804;55,00
370937,684;290446,018;55,00
370937,954;290445,051;55,00
370938,137;290444,437;55,00
370938,282;290443,971;55,00
370938,420;290443,474;55,00
370938,578;290442,821;55,00
370938,763;290442,017;55,00
370938,984;290441,117;55,00
370939,173;290440,485;55,00
370939,321;290439,987;55,00
370939,418;290439,498;55,00
370939,481;290439,000;55,00
370939,529;290438,500;55,00
370939,565;290438,000;55,00
370939,579;290437,479;55,00
370939,544;290436,833;55,00
370939,436;290436,010;55,00
370939,258;290435,167;55,00
370939,033;290434,521;55,00
370938,798;290434,000;55,00
370938,584;290433,500;55,00
370938,377;290433,000;55,00
370938,159;290432,500;55,00
370937,940;290432,000;55,00
370937,728;290431,500;55,00
370937,503;290431,000;55,00
370937,248;290430,500;55,00
370936,988;290430,000;55,00
370936,754;290429,500;55,00
370936,552;290429,000;55,00
370936,368;290428,458;55,00
370936,110;290427,667;55,00
370935,872;290426,962;55,00
370935,611;290426,207;55,00
370935,340;290425,460;55,00
370934,940;290424,673;55,00
370934,710;290424,364;55,00
370934,429;290423,960;55,00
370934,128;290423,474;55,00
370933,814;290422,833;55,00
370933,512;290422,053;55,00
370933,237;290421,231;55,00
370933,088;290420,726;55,00
370933,017;290420,423;55,00
370932,969;290420,023;55,00
370933,159;290419,808;55,00
370933,518;290419,821;55,00
370933,983;290420,010;55,00
370934,430;290420,414;55,00
370934,765;290420,823;55,00
370935,052;290421,243;55,00
370935,217;290421,573;55,00
370935,443;290421,996;55,00
370935,710;290422,437;55,00
370935,995;290422,909;55,00
370936,275;290423,428;55,00
370936,537;290423,929;55,00
370936,769;290424,339;55,00
370936,949;290424,643;55,00
370937,185;290425,119;55,00
370937,355;290425,509;55,00
370937,563;290425,955;55,00
370937,783;290426,371;55,00
370938,022;290426,820;55,00
370938,285;290427,366;55,00
370938,547;290427,918;55,00
370938,784;290428,389;55,00
370939,014;290428,854;55,00
370939,257;290429,393;55,00
370939,507;290429,943;55,00
370939,746;290430,417;55,00
370939,927;290430,753;55,00
370940,093;290431,147;55,00
370940,212;290431,518;55,00
370940,406;290432,000;55,00
370940,674;290432,500;55,00
370940,949;290433,000;55,00
370941,168;290433,500;55,00
370941,352;290434,000;55,00
370941,534;290434,504;55,00
370941,708;290435,030;55,00
370941,857;290435,586;55,00
370941,973;290436,120;55,00
370942,050;290436,590;55,00
370942,077;290437,057;55,00
370942,052;290437,580;55,00
370941,994;290438,107;55,00
370941,920;290438,577;55,00
370941,827;290439,027;55,00
370941,704;290439,536;55,00
370941,528;290440,262;55,00
370941,351;290441,019;55,00
370941,170;290441,799;55,00
370941,070;290442,216;55,00
370940,815;290443,096;55,00
370940,676;290443,533;55,00
370940,488;290444,167;55,00
370940,251;290445,001;55,00
370939,911;290446,112;55,00
370939,625;290446,952;55,00
370939,338;290447,744;55,00
370939,135;290448,282;55,00
370938,776;290449,112;55,00
370938,591;290449,512;55,00
370938,382;290449,987;55,00
370938,180;290450,463;55,00
370937,961;290450,948;55,00
370937,698;290451,454;55,00
370937,432;290451,921;55,00
370937,205;290452,287;55,00
370937,018;290452,568;55,00
370936,690;290453,100;55,00
370936,505;290453,513;55,00
370936,318;290454,000;55,00
370936,144;290454,500;55,00
370935,943;290455,000;55,00
370935,684;290455,495;55,00
370935,416;290455,956;55,00
370935,180;290456,377;55,00
370934,896;290456,848;55,00
370934,487;290457,446;55,00
370934,000;290458,095;55,00
370933,458;290458,744;55,00
370932,667;290459,611;55,00
370932,161;290460,150;55,00
370931,592;290460,752;55,00
370931,001;290461,372;55,00
370930,244;290462,163;55,00
370929,342;290463,097;55,00
370928,476;290463,978;55,00
370927,769;290464,681;55,00
370927,142;290465,293;55,00
370926,717;290465,696;55,00
370926,427;290465,954;55,00
370925,898;290466,325;55,00
370925,502;290466,547;55,00
370925,118;290466,757;55,00
370924,641;290467,019;55,00
370924,341;290467,153;55,00
370923,952;290467,300;55,00
370923,480;290467,451;55,00
370922,886;290467,614;55,00
370922,111;290467,802;55,00
370921,045;290468,018;55,00
370920,241;290468,157;55,00
370919,370;290468,296;55,00
370918,220;290468,470;55,00
370917,058;290468,634;55,00
370916,167;290468,734;55,00
370915,521;290468,764;55,00
370915,000;290468,752;55,00
370914,500;290468,719;55,00
370914,000;290468,639;55,00
370913,513;290468,491;55,00
370913,100;290468,314;55,00
370912,567;290467,942;55,00
370912,303;290467,675;55,00
370912,054;290467,401;55,00
370911,651;290466,850;55,00
370911,361;290466,365;55,00
370911,060;290465,831;55,00
370910,823;290465,378;55,00
370910,622;290464,958;55,00
370910,412;290464,495;55,00
370910,188;290464,000;55,00
370909,956;290463,500;55,00
370909,732;290463,000;55,00
370909,530;290462,500;55,00
370909,356;290462,000;55,00
370909,205;290461,500;55,00
370909,060;290461,000;55,00
370908,909;290460,500;55,00
370908,792;290460,000;55,00
370908,740;290459,500;55,00
370908,717;290459,000;55,00
370908,688;290458,500;55,00
370908,681;290458,000;55,00
370908,726;290457,500;55,00
370908,786;290457,000;55,00
370908,826;290456,500;55,00
370908,874;290456,000;55,00
370908,959;290455,500;55,00
370909,055;290455,000;55,00
370909,136;290454,500;55,00
370909,213;290454,000;55,00
370909,309;290453,479;55,00
370909,433;290452,833;55,00
370909,591;290451,974;55,00
370909,806;290450,833;55,00
370909,975;290449,975;55,00
370910,155;290449,080;55,00
370910,338;290448,167;55,00
370910,556;290447,059;55,00
370910,745;290446,167;55,00
370910,931;290445,467;55,00
370911,183;290444,568;55,00
370911,368;290443,873;55,00
370911,568;290443,103;55,00
370911,757;290442,371;55,00
370911,868;290441,939;55,00
370912,167;290440,901;55,00
370912,329;290440,481;55,00
370912,536;290439,948;55,00
370912,761;290439,351;55,00
370912,983;290438,793;55,00
370913,191;290438,345;55,00
370913,417;290437,899;55,00
370913,687;290437,352;55,00
370913,957;290436,803;55,00
370914,183;290436,344;55,00
370914,410;290435,832;55,00
370914,678;290435,151;55,00
370914,919;290434,523;55,00
370915,201;290433,881;55,00
370915,383;290433,483;55,00
370915,594;290432,987;55,00
370915,798;290432,462;55,00
370915,977;290431,947;55,00
370916,124;290431,462;55,00
370916,242;290430,987;55,00
370916,340;290430,498;55,00
370916,444;290430,000;55,00
370916,573;290429,500;55,00
370916,724;290429,000;55,00
370916,888;290428,500;55,00
370917,073;290428,000;55,00
370917,288;290427,507;55,00
370917,521;290427,056;55,00
370917,767;290426,661;55,00
370918,055;290426,224;55,00
370918,411;290425,661;55,00
370918,797;290425,056;55,00
370919,171;290424,507;55,00
370919,523;290424,000;55,00
370919,859;290423,497;55,00
370920,207;290422,975;55,00
370920,596;290422,421;55,00
370921,029;290421,844;55,00
370921,498;290421,268;55,00
370921,954;290420,752;55,00
370922,347;290420,351;55,00
370922,649;290420,064;55,00
IsoValue 55 dB(A)
370759,451;290435,004;55,00
370759,669;290434,553;55,00
370759,923;290434,349;55,00
370760,099;290434,553;55,00
370760,225;290435,004;55,00
370760,357;290435,500;55,00
370760,506;290436,000;55,00
370760,667;290436,484;55,00
370760,812;290436,871;55,00
370761,052;290437,485;55,00
370761,238;290438,130;55,00
370761,444;290438,871;55,00
370761,622;290439,474;55,00
370761,769;290439,919;55,00
370761,894;290440,267;55,00
370762,023;290440,675;55,00
370762,178;290441,267;55,00
370762,340;290441,919;55,00
370762,491;290442,490;55,00
370762,646;290443,000;55,00
370762,825;290443,521;55,00
370763,032;290444,167;55,00
370763,258;290444,973;55,00
370763,498;290445,833;55,00
370763,707;290446,479;55,00
370763,893;290447,000;55,00
370764,062;290447,500;55,00
370764,207;290448,000;55,00
370764,325;290448,500;55,00
370764,448;290449,000;55,00
370764,601;290449,489;55,00
370764,758;290449,908;55,00
370764,890;290450,216;55,00
370765,013;290450,467;55,00
370765,158;290450,735;55,00
370765,364;290451,058;55,00
370765,645;290451,441;55,00
370765,905;290451,767;55,00
370766,255;290452,063;55,00
370766,584;290452,243;55,00
370767,022;290452,441;55,00
370767,497;290452,600;55,00
370767,951;290452,733;55,00
370768,337;290452,861;55,00
370768,636;290452,968;55,00
370769,117;290453,071;55,00
370769,598;290453,086;55,00
370770,667;290453,069;55,00
370771,335;290453,049;55,00
370772,100;290453,023;55,00
370772,897;290452,995;55,00
370773,662;290452,966;55,00
370774,333;290452,940;55,00
370775,438;290452,895;55,00
370776,167;290452,865;55,00
370777,020;290452,837;55,00
370778,000;290452,821;55,00
370779,000;290452,835;55,00
370780,000;290452,903;55,00
370780,963;290453,037;55,00
370781,833;290453,201;55,00
370782,479;290453,344;55,00
370783,000;290453,479;55,00
370783,500;290453,627;55,00
370784,000;290453,788;55,00
370784,500;290453,957;55,00
370785,000;290454,124;55,00
370785,521;290454,294;55,00
370786,167;290454,518;55,00
370786,940;290454,809;55,00
370787,833;290455,159;55,00
370788,500;290455,424;55,00
370789,167;290455,677;55,00
370789,951;290455,959;55,00
370790,833;290456,264;55,00
370791,479;290456,480;55,00
370792,000;290456,654;55,00
370792,500;290456,827;55,00
370793,000;290457,002;55,00
370793,521;290457,178;55,00
370794,167;290457,386;55,00
370794,980;290457,644;55,00
370796,000;290458,008;55,00
370796,886;290458,387;55,00
370797,833;290458,857;55,00
370798,479;290459,230;55,00
370799,000;290459,602;55,00
370799,486;290460,023;55,00
370799,890;290460,427;55,00
370800,163;290460,752;55,00
370800,401;290461,084;55,00
370800,709;290461,518;55,00
370801,092;290462,062;55,00
370801,533;290462,687;55,00
370802,009;290463,318;55,00
370802,491;290463,880;55,00
370802,917;290464,343;55,00
370803,241;290464,700;55,00
370803,501;290464,993;55,00
370803,761;290465,275;55,00
370804,084;290465,604;55,00
370804,510;290466,016;55,00
370805,000;290466,468;55,00
370805,496;290466,906;55,00
370805,970;290467,308;55,00
370806,394;290467,657;55,00
370806,715;290467,918;55,00
370807,137;290468,229;55,00
370807,517;290468,423;55,00
370808,000;290468,521;55,00
370808,484;290468,420;55,00
370808,875;290468,360;55,00
370809,111;290468,589;55,00
370809,252;290469,019;55,00
370809,375;290469,502;55,00
370809,488;290470,000;55,00
370809,582;290470,500;55,00
370809,654;290471,000;55,00
370809,704;290471,500;55,00
370809,736;290472,000;55,00
370809,756;290472,500;55,00
370809,766;290473,000;55,00
370809,763;290473,521;55,00
370809,739;290474,167;55,00
370809,690;290475,019;55,00
370809,616;290476,000;55,00
370809,526;290476,974;55,00
370809,434;290477,833;55,00
370809,378;290478,479;55,00
370809,466;290479,000;55,00
370809,756;290479,513;55,00
370810,034;290480,107;55,00
370810,074;290480,796;55,00
370809,871;290481,332;55,00
370809,495;290481,508;55,00
370809,091;290481,552;55,00
370808,781;290481,726;55,00
370808,529;290481,999;55,00
370808,279;290482,285;55,00
370808,067;290482,551;55,00
370807,812;290483,096;55,00
370807,644;290483,512;55,00
370807,431;290484,000;55,00
370807,193;290484,500;55,00
370806,934;290485,000;55,00
370806,660;290485,488;55,00
370806,403;290485,905;55,00
370806,184;290486,206;55,00
370805,970;290486,453;55,00
370805,725;290486,715;55,00
370805,469;290486,975;55,00
370805,218;290487,216;55,00
370804,909;290487,490;55,00
370804,488;290487,846;55,00
370803,992;290488,243;55,00
370803,472;290488,633;55,00
370802,940;290489,043;55,00
370802,400;290489,502;55,00
370801,886;290489,971;55,00
370801,438;290490,395;55,00
370801,092;290490,716;55,00
370800,639;290491,052;55,00
370800,337;290491,251;55,00
370799,931;290491,493;55,00
370799,435;290491,743;55,00
370798,919;290491,986;55,00
370798,421;290492,223;55,00
370797,813;290492,505;55,00
370797,071;290492,838;55,00
370796,167;290493,230;55,00
370795,521;290493,496;55,00
370795,000;290493,690;55,00
370794,500;290493,856;55,00
370794,000;290494,006;55,00
370793,500;290494,145;55,00
370793,000;290494,261;55,00
370792,479;290494,336;55,00
370791,833;290494,345;55,00
370791,007;290494,271;55,00
370790,167;290494,147;55,00
370789,521;290494,014;55,00
370789,000;290493,877;55,00
370788,500;290493,732;55,00
370788,000;290493,567;55,00
370787,479;290493,368;55,00
370786,833;290493,105;55,00
370786,062;290492,795;55,00
370785,167;290492,430;55,00
370784,500;290492,146;55,00
370783,833;290491,868;55,00
370783,054;290491,566;55,00
370782,167;290491,222;55,00
370781,521;290490,953;55,00
370781,000;290490,712;55,00
370780,458;290490,450;55,00
370779,667;290490,092;55,00
370778,973;290489,800;55,00
370778,206;290489,486;55,00
370777,333;290489,135;55,00
370776,542;290488,819;55,00
370776,000;290488,575;55,00
370775,498;290488,287;55,00
370774,984;290487,924;55,00
370774,454;290487,484;55,00
370773,935;290487,007;55,00
370773,467;290486,527;55,00
370773,091;290486,039;55,00
370772,830;290485,507;55,00
370772,625;290484,843;55,00
370772,420;290484,034;55,00
370772,227;290483,259;55,00
370771,806;290482,369;55,00
370771,333;290481,797;55,00
370770,771;290481,216;55,00
370770,336;290480,897;55,00
370769,943;290480,733;55,00
370769,492;290480,585;55,00
370768,994;290480,415;55,00
370768,482;290480,200;55,00
370767,975;290479,873;55,00
370767,490;290479,394;55,00
370767,052;290478,869;55,00
370766,677;290478,406;55,00
370766,316;290477,967;55,00
370765,929;290477,505;55,00
370765,559;290477,072;55,00
370765,262;290476,729;55,00
370765,029;290476,456;55,00
370764,832;290476,206;55,00
370764,613;290475,891;55,00
370764,328;290475,447;55,00
370764,000;290474,943;55,00
370763,666;290474,459;55,00
370763,334;290473,986;55,00
370763,004;290473,506;55,00
370762,673;290473,062;55,00
370762,345;290472,700;55,00
370762,058;290472,416;55,00
370761,645;290471,896;55,00
370761,431;290471,496;55,00
370761,235;290471,076;55,00
370761,100;290470,740;55,00
370761,009;290470,471;55,00
370760,858;290469,910;55,00
370760,771;290469,489;55,00
370760,686;290469,000;55,00
370760,617;290468,500;55,00
370760,573;290468,000;55,00
370760,550;290467,500;55,00
370760,523;290467,000;55,00
370760,470;290466,500;55,00
370760,420;290466,000;55,00
370760,397;290465,500;55,00
370760,376;290465,000;55,00
370760,327;290464,500;55,00
370760,271;290464,000;55,00
370760,232;290463,500;55,00
370760,201;290463,000;55,00
370760,165;290462,500;55,00
370760,128;290462,000;55,00
370760,097;290461,479;55,00
370760,059;290460,833;55,00
370760,003;290459,981;55,00
370759,941;290459,000;55,00
370759,889;290458,022;55,00
370759,853;290457,167;55,00
370759,835;290456,521;55,00
370759,822;290456,000;55,00
370759,808;290455,438;55,00
370759,837;290454,500;55,00
370759,880;290453,797;55,00
370759,938;290452,985;55,00
370760,000;290452,141;55,00
370760,058;290451,333;55,00
370760,137;290450,064;55,00
370760,188;290449,167;55,00
370760,236;290448,521;55,00
370760,269;290448,000;55,00
370760,274;290447,500;55,00
370760,274;290447,000;55,00
370760,288;290446,500;55,00
370760,298;290446,000;55,00
370760,283;290445,478;55,00
370760,227;290444,826;55,00
370760,133;290444,005;55,00
370760,030;290443,137;55,00
370759,965;290442,499;55,00
370759,924;290441,992;55,00
370759,882;290441,416;55,00
370759,793;290440,333;55,00
370759,734;290439,667;55,00
370759,665;290438,905;55,00
370759,594;290438,111;55,00
370759,525;290437,348;55,00
370759,464;290436,667;55,00
370759,387;290435,584;55,00
370759,451;290435,004;55,00
IsoValue 55 dB(A)
370781,052;290458,011;55,00
370780,537;290457,914;55,00
370780,013;290457,834;55,00
370779,481;290457,776;55,00
370778,833;290457,743;55,00
370778,000;290457,739;55,00
370777,167;290457,760;55,00
370776,521;290457,797;55,00
370776,000;290457,838;55,00
370775,504;290457,874;55,00
370775,034;290457,911;55,00
370774,598;290457,954;55,00
370774,137;290458,004;55,00
370773,598;290458,060;55,00
370773,034;290458,122;55,00
370772,483;290458,192;55,00
370771,833;290458,288;55,00
370770,972;290458,428;55,00
370770,038;290458,599;55,00
370769,152;290458,787;55,00
370768,487;290458,943;55,00
370767,872;290459,140;55,00
370767,491;290459,313;55,00
370767,060;290459,535;55,00
370766,694;290459,765;55,00
370766,407;290459,982;55,00
370766,184;290460,183;55,00
370765,979;290460,405;55,00
370765,755;290460,692;55,00
370765,521;290461,060;55,00
370765,294;290461,528;55,00
370765,083;290462,167;55,00
370764,897;290463,013;55,00
370764,767;290463,833;55,00
370764,703;290464,479;55,00
370764,675;290465,000;55,00
370764,650;290465,521;55,00
370764,639;290466,167;55,00
370764,660;290467,001;55,00
370764,711;290467,833;55,00
370764,786;290468,479;55,00
370764,889;290469,000;55,00
370765,027;290469,500;55,00
370765,198;290470,000;55,00
370765,398;290470,491;55,00
370765,606;290470,926;55,00
370765,817;290471,286;55,00
370766,087;290471,702;55,00
370766,477;290472,307;55,00
370767,003;290473,092;55,00
370767,763;290474,165;55,00
370768,233;290474,833;55,00
370768,656;290475,479;55,00
370768,979;290476,000;55,00
370769,296;290476,487;55,00
370769,586;290476,900;55,00
370769,819;290477,190;55,00
370770,044;290477,431;55,00
370770,314;290477,699;55,00
370770,585;290477,969;55,00
370770,810;290478,208;55,00
370771,014;290478,444;55,00
370771,231;290478,713;55,00
370771,469;290479,008;55,00
370771,738;290479,331;55,00
370772,076;290479,738;55,00
370772,509;290480,272;55,00
370772,993;290480,866;55,00
370773,479;290481,443;55,00
370773,971;290482,010;55,00
370774,479;290482,583;55,00
370774,993;290483,141;55,00
370775,499;290483,656;55,00
370776,000;290484,117;55,00
370776,500;290484,523;55,00
370777,000;290484,892;55,00
370777,497;290485,240;55,00
370777,980;290485,545;55,00
370778,443;290485,791;55,00
370778,920;290486,008;55,00
370779,452;290486,229;55,00
370780,052;290486,469;55,00
370780,705;290486,723;55,00
370781,289;290486,954;55,00
370781,708;290487,129;55,00
370782,072;290487,272;55,00
370782,509;290487,416;55,00
370783,000;290487,576;55,00
370783,521;290487,760;55,00
370784,167;290487,979;55,00
370785,052;290488,249;55,00
370785,957;290488,508;55,00
370786,835;290488,752;55,00
370787,495;290488,935;55,00
370788,124;290489,099;55,00
370788,515;290489,170;55,00
370789,000;290489,253;55,00
370789,500;290489,337;55,00
370790,000;290489,390;55,00
370790,500;290489,390;55,00
370791,000;290489,351;55,00
370791,500;290489,293;55,00
370792,000;290489,192;55,00
370792,500;290489,026;55,00
370793,000;290488,818;55,00
370793,493;290488,596;55,00
370793,947;290488,380;55,00
370794,348;290488,176;55,00
370794,789;290487,932;55,00
370795,348;290487,608;55,00
370795,947;290487,248;55,00
370796,493;290486,900;55,00
370797,000;290486,556;55,00
370797,504;290486,194;55,00
370798,029;290485,812;55,00
370798,584;290485,411;55,00
370799,117;290485,004;55,00
370799,569;290484,613;55,00
370799,906;290484,299;55,00
370800,341;290483,927;55,00
370800,633;290483,679;55,00
370800,939;290483,410;55,00
370801,184;290483,174;55,00
370801,415;290482,884;55,00
370801,685;290482,457;55,00
370801,943;290481,959;55,00
370802,134;290481,470;55,00
370802,265;290480,990;55,00
370802,362;290480,499;55,00
370802,438;290480,000;55,00
370802,502;290479,500;55,00
370802,557;290479,000;55,00
370802,605;290478,500;55,00
370802,642;290478,000;55,00
370802,668;290477,500;55,00
370802,692;290477,000;55,00
370802,721;290476,500;55,00
370802,739;290476,000;55,00
370802,734;290475,500;55,00
370802,718;290475,000;55,00
370802,703;290474,500;55,00
370802,677;290474,000;55,00
370802,627;290473,500;55,00
370802,549;290473,000;55,00
370802,443;290472,505;55,00
370802,313;290472,040;55,00
370802,165;290471,635;55,00
370802,026;290471,326;55,00
370801,720;290470,885;55,00
370801,398;290470,521;55,00
370800,972;290470,065;55,00
370800,516;290469,606;55,00
370800,153;290469,249;55,00
370799,630;290468,684;55,00
370799,335;290468,357;55,00
370798,799;290467,767;55,00
370798,251;290467,167;55,00
370797,647;290466,518;55,00
370797,124;290465,981;55,00
370796,579;290465,448;55,00
370796,027;290464,941;55,00
370795,487;290464,492;55,00
370794,872;290464,045;55,00
370794,059;290463,521;55,00
370793,156;290462,993;55,00
370792,745;290462,768;55,00
370791,931;290462,343;55,00
370791,206;290461,982;55,00
370790,528;290461,666;55,00
370790,015;290461,437;55,00
370789,544;290461,218;55,00
370789,061;290460,991;55,00
370788,544;290460,755;55,00
370788,015;290460,528;55,00
370787,502;290460,328;55,00
370787,000;290460,141;55,00
370786,479;290459,942;55,00
370785,833;290459,683;55,00
370784,905;290459,302;55,00
370784,000;290458,945;55,00
370782,974;290458,576;55,00
370782,180;290458,315;55,00
370781,558;290458,132;55,00
370781,052;290458,011;55,00
