IsoValue 5 dB(A)
370760,719;290337,000;5,45
370760,719;290337,000;5,45
370761,000;290337,291;5,45
370761,667;290337,332;5,45
370763,333;290337,363;5,45
370763,935;290337,367;5,45
370764,613;290337,370;5,45
370765,346;290337,371;5,45
370766,112;290337,371;5,45
370766,888;290337,369;5,45
370767,654;290337,365;5,45
370768,387;290337,359;5,45
370769,065;290337,351;5,45
370769,667;290337,339;5,45
370771,316;290337,261;5,45
370772,149;290337,000;5,45
IsoValue 5 dB(A)
370777,804;290337,000;5,45
370777,804;290337,000;5,45
370778,000;290337,280;5,45
370778,667;290337,326;5,45
370780,333;290337,361;5,45
370780,935;290337,366;5,45
370781,613;290337,369;5,45
370782,346;290337,371;5,45
370783,112;290337,371;5,45
370783,888;290337,369;5,45
370784,654;290337,365;5,45
370785,387;290337,359;5,45
370786,065;290337,350;5,45
370786,667;290337,339;5,45
370788,316;290337,260;5,45
370789,146;290337,000;5,45
IsoValue 5 dB(A)
370801,743;290337,000;5,45
370801,743;290337,000;5,45
370802,000;290337,266;5,45
370802,688;290337,319;5,45
370804,500;290337,358;5,45
370805,092;290337,363;5,45
370805,756;290337,367;5,45
370806,474;290337,370;5,45
370807,228;290337,371;5,45
370808,000;290337,370;5,45
370808,772;290337,368;5,45
370809,526;290337,364;5,45
370810,244;290337,358;5,45
370810,908;290337,350;5,45
370811,500;290337,339;5,45
370813,295;290337,261;5,45
370814,147;290337,000;5,45
IsoValue 5 dB(A)
370840,838;290337,000;5,45
370840,838;290337,000;5,45
370841,000;290337,167;5,45
370841,646;290337,268;5,45
370843,167;290337,342;5,45
370843,779;290337,354;5,45
370844,474;290337,362;5,45
370845,223;290337,367;5,45
370846,000;290337,370;5,45
370846,777;290337,371;5,45
370847,526;290337,369;5,45
370848,221;290337,365;5,45
370848,833;290337,359;5,45
370850,338;290337,316;5,45
370851,245;290337,000;5,45
IsoValue 5 dB(A)
370901,848;290337,000;5,45
370901,848;290337,000;5,45
370902,000;290337,144;5,45
370902,500;290337,151;5,45
370903,000;290337,186;5,45
370903,604;290337,263;5,45
370904,833;290337,339;5,45
370905,478;290337,355;5,45
370906,212;290337,363;5,45
370906,985;290337,364;5,45
370907,748;290337,357;5,45
370908,452;290337,340;5,45
370910,274;290337,000;5,45
IsoValue 5 dB(A)
370949,852;290337,000;5,45
370949,852;290337,000;5,45
370950,000;290337,150;5,45
370950,998;290337,150;5,45
370951,984;290337,150;5,45
370952,946;290337,149;5,45
370953,872;290337,148;5,45
370954,749;290337,146;5,45
370955,567;290337,143;5,45
370956,312;290337,139;5,45
370956,973;290337,133;5,45
370959,225;290337,000;5,45
IsoValue 5 dB(A)
371025,000;290668,665;5,45
371025,000;290668,665;5,45
371024,819;290668,951;5,45
371024,623;290669,000;5,45
371024,623;290669,996;5,45
371024,623;290670,969;5,45
371024,624;290671,896;5,45
371024,624;290672,753;5,45
371024,625;290673,518;5,45
371024,627;290674,167;5,45
371024,642;290675,382;5,45
371025,000;290676,332;5,45
IsoValue 5 dB(A)
370620,000;290661,217;5,45
370620,000;290661,217;5,45
370620,225;290661,000;5,45
370620,298;290660,333;5,45
370620,352;290658,667;5,45
370620,359;290658,065;5,45
370620,365;290657,387;5,45
370620,368;290656,654;5,45
370620,370;290655,888;5,45
370620,370;290655,112;5,45
370620,367;290654,346;5,45
370620,362;290653,613;5,45
370620,356;290652,935;5,45
370620,346;290652,333;5,45
370620,285;290650,667;5,45
370620,223;290650,000;5,45
370620,190;290649,517;5,45
370620,000;290648,813;5,45
IsoValue 5 dB(A)
370620,000;290605,204;5,45
370620,000;290605,204;5,45
370620,377;290605,000;5,45
370620,374;290604,500;5,45
370620,354;290604,000;5,45
370620,308;290603,500;5,45
370620,260;290603,000;5,45
370620,232;290602,517;5,45
370620,000;290601,812;5,45
IsoValue 5 dB(A)
370620,000;290557,319;5,45
370620,000;290557,319;5,45
370620,342;290557,000;5,45
370620,359;290556,471;5,45
370620,376;290554,955;5,45
370620,377;290553,623;5,45
IsoValue 40 dB(A)
370794,587;290424,026;40,00
370795,105;290423,853;40,00
370795,513;290423,776;40,00
370796,000;290423,761;40,00
370796,489;290423,875;40,00
370796,913;290424,134;40,00
370797,230;290424,512;40,00
370797,487;290424,864;40,00
370797,738;290425,051;40,00
370797,970;290425,099;40,00
370798,392;290424,986;40,00
370798,673;290424,892;40,00
370798,980;290424,845;40,00
370799,262;290424,910;40,00
370799,494;290425,128;40,00
370799,664;290425,513;40,00
370799,791;290425,975;40,00
370799,898;290426,406;40,00
370799,989;290426,731;40,00
370800,255;290427,162;40,00
370800,569;290427,578;40,00
370800,900;290428,084;40,00
370801,121;290428,560;40,00
370801,260;290429,021;40,00
370801,389;290429,544;40,00
370801,579;290430,333;40,00
370801,763;290431,073;40,00
370801,979;290431,953;40,00
370802,226;290433,000;40,00
370802,439;290433,969;40,00
370802,624;290434,867;40,00
370802,776;290435,667;40,00
370802,907;290436,458;40,00
370802,991;290437,000;40,00
370803,087;290437,500;40,00
370803,190;290438,000;40,00
370803,281;290438,500;40,00
370803,352;290439,000;40,00
370803,406;290439,500;40,00
370803,466;290440,000;40,00
370803,554;290440,500;40,00
370803,658;290441,000;40,00
370803,738;290441,490;40,00
370803,682;290441,916;40,00
370803,413;290442,239;40,00
370803,051;290442,499;40,00
370802,746;290442,759;40,00
370802,573;290443,083;40,00
370802,571;290443,531;40,00
370802,694;290444,167;40,00
370802,876;290444,978;40,00
370803,069;290445,833;40,00
370803,210;290446,479;40,00
370803,315;290447,000;40,00
370803,407;290447,500;40,00
370803,485;290448,000;40,00
370803,547;290448,500;40,00
370803,588;290449,000;40,00
370803,608;290449,500;40,00
370803,612;290450,000;40,00
370803,602;290450,521;40,00
370803,572;290451,167;40,00
370803,509;290452,059;40,00
370803,404;290453,333;40,00
370803,337;290454,130;40,00
370803,264;290454,976;40,00
370803,194;290455,796;40,00
370803,131;290456,525;40,00
370803,042;290457,551;40,00
370802,939;290458,433;40,00
370802,828;290459,204;40,00
370802,699;290460,031;40,00
370802,591;290460,692;40,00
370802,452;290461,475;40,00
370802,326;290462,105;40,00
370802,177;290462,844;40,00
370802,031;290463,753;40,00
370801,936;290464,647;40,00
370801,842;290465,938;40,00
370801,781;290466,991;40,00
370801,733;290468,000;40,00
370801,696;290469,000;40,00
370801,671;290470,000;40,00
370801,655;290470,979;40,00
370801,648;290471,833;40,00
370801,648;290472,500;40,00
370801,659;290473,167;40,00
370801,681;290474,020;40,00
370801,701;290475,000;40,00
370801,710;290476,000;40,00
370801,716;290477,000;40,00
370801,733;290478,000;40,00
370801,764;290479,000;40,00
370801,810;290479,987;40,00
370801,867;290480,906;40,00
370801,935;290481,709;40,00
370802,026;290482,457;40,00
370802,149;290483,209;40,00
370802,279;290483,906;40,00
370802,394;290484,488;40,00
370802,493;290485,000;40,00
370802,586;290485,500;40,00
370802,672;290486,000;40,00
370802,752;290486,511;40,00
370802,830;290487,090;40,00
370802,912;290487,760;40,00
370802,991;290488,362;40,00
370803,155;290489,090;40,00
370803,286;290489,511;40,00
370803,450;290490,000;40,00
370803,627;290490,488;40,00
370803,786;290490,901;40,00
370804,052;290491,771;40,00
370804,199;290492,470;40,00
370804,370;290493,333;40,00
370804,483;290493,901;40,00
370804,697;290494,945;40,00
370804,877;290495,833;40,00
370804,995;290496,479;40,00
370805,095;290497,000;40,00
370805,224;290497,542;40,00
370805,413;290498,333;40,00
370805,578;290499,069;40,00
370805,751;290499,878;40,00
370805,915;290500,667;40,00
370806,070;290501,458;40,00
370806,164;290502,000;40,00
370806,241;290502,521;40,00
370806,306;290503,167;40,00
370806,366;290503,995;40,00
370806,482;290504,800;40,00
370806,703;290505,362;40,00
370806,963;290505,700;40,00
370807,423;290505,987;40,00
370807,705;290506,058;40,00
370808,064;290506,120;40,00
370808,508;290506,177;40,00
370809,000;290506,212;40,00
370809,505;290506,211;40,00
370810,037;290506,170;40,00
370810,606;290506,095;40,00
370811,147;290506,008;40,00
370811,606;290505,931;40,00
370812,037;290505,867;40,00
370812,505;290505,818;40,00
370813,000;290505,769;40,00
370813,521;290505,708;40,00
370814,167;290505,650;40,00
370815,000;290505,608;40,00
370815,833;290505,575;40,00
370816,479;290505,540;40,00
370817,000;290505,498;40,00
370817,542;290505,444;40,00
370818,333;290505,372;40,00
370819,088;290505,311;40,00
370819,943;290505,244;40,00
370820,781;290505,177;40,00
370821,807;290505,084;40,00
370822,623;290504,995;40,00
370823,370;290504,896;40,00
370824,281;290504,775;40,00
370825,065;290504,679;40,00
370825,901;290504,579;40,00
370826,667;290504,488;40,00
370827,458;290504,386;40,00
370828,000;290504,295;40,00
370828,500;290504,179;40,00
370829,000;290504,027;40,00
370829,497;290503,832;40,00
370829,976;290503,592;40,00
370830,411;290503,313;40,00
370830,738;290503,039;40,00
370831,143;290502,610;40,00
370831,501;290502,437;40,00
370831,867;290502,411;40,00
370832,096;290502,631;40,00
370832,301;290502,998;40,00
370832,624;290503,375;40,00
370833,090;290503,682;40,00
370833,667;290503,872;40,00
370834,227;290503,977;40,00
370834,663;290504,043;40,00
370835,057;290504,090;40,00
370835,507;290504,130;40,00
370836,000;290504,163;40,00
370836,583;290504,186;40,00
370837,667;290504,200;40,00
370838,343;290504,204;40,00
370839,155;290504,206;40,00
370840,079;290504,207;40,00
370841,091;290504,208;40,00
370842,167;290504,208;40,00
370843,093;290504,207;40,00
370844,019;290504,207;40,00
370844,917;290504,207;40,00
370845,759;290504,207;40,00
370846,519;290504,207;40,00
370847,167;290504,208;40,00
370848,417;290504,216;40,00
370849,167;290504,236;40,00
370850,020;290504,273;40,00
370851,000;290504,322;40,00
370851,978;290504,373;40,00
370852,833;290504,416;40,00
370853,479;290504,443;40,00
370854,000;290504,457;40,00
370854,500;290504,463;40,00
370855,000;290504,459;40,00
370855,521;290504,445;40,00
370856,167;290504,440;40,00
370857,041;290504,463;40,00
370858,167;290504,517;40,00
370859,035;290504,570;40,00
370859,903;290504,629;40,00
370860,667;290504,686;40,00
370861,464;290504,755;40,00
370862,044;290504,823;40,00
370862,627;290504,908;40,00
370863,177;290505,017;40,00
370863,627;290505,149;40,00
370864,044;290505,296;40,00
370864,506;290505,447;40,00
370865,000;290505,587;40,00
370865,500;290505,703;40,00
370866,000;290505,792;40,00
370866,500;290505,854;40,00
370867,000;290505,889;40,00
370867,500;290505,896;40,00
370868,000;290505,880;40,00
370868,500;290505,842;40,00
370869,000;290505,787;40,00
370869,500;290505,716;40,00
370870,000;290505,640;40,00
370870,500;290505,569;40,00
370871,000;290505,507;40,00
370871,500;290505,454;40,00
370872,000;290505,412;40,00
370872,500;290505,382;40,00
370873,000;290505,355;40,00
370873,500;290505,323;40,00
370874,000;290505,286;40,00
370874,548;290505,241;40,00
370875,383;290505,181;40,00
370876,121;290505,133;40,00
370876,961;290505,079;40,00
370878,031;290505,005;40,00
370879,101;290504,918;40,00
370879,883;290504,839;40,00
370880,485;290504,767;40,00
370881,000;290504,695;40,00
370881,521;290504,614;40,00
370882,167;290504,502;40,00
370882,979;290504,350;40,00
370883,788;290504,194;40,00
370884,412;290504,075;40,00
370885,319;290503,938;40,00
370885,984;290503,849;40,00
370886,766;290503,748;40,00
370887,594;290503,641;40,00
370888,621;290503,508;40,00
370889,920;290503,329;40,00
370890,833;290503,190;40,00
370891,500;290503,080;40,00
370892,167;290502,964;40,00
370892,988;290502,823;40,00
370893,833;290502,674;40,00
370894,494;290502,544;40,00
370895,118;290502,402;40,00
370895,838;290502,223;40,00
370896,471;290502,058;40,00
370897,118;290501,892;40,00
370897,515;290501,814;40,00
370898,000;290501,753;40,00
370898,521;290501,751;40,00
370899,167;290501,817;40,00
370899,987;290501,945;40,00
370900,833;290502,089;40,00
370901,479;290502,195;40,00
370902,000;290502,272;40,00
370902,542;290502,341;40,00
370903,333;290502,424;40,00
370904,108;290502,496;40,00
370905,102;290502,581;40,00
370906,333;290502,678;40,00
370907,169;290502,740;40,00
370908,068;290502,805;40,00
370909,015;290502,874;40,00
370909,993;290502,948;40,00
370911,000;290503,026;40,00
370911,992;290503,108;40,00
370912,960;290503,191;40,00
370913,881;290503,272;40,00
370914,730;290503,346;40,00
370915,500;290503,413;40,00
370916,935;290503,525;40,00
370918,000;290503,591;40,00
370919,041;290503,645;40,00
370920,338;290503,722;40,00
370921,133;290503,779;40,00
370921,976;290503,850;40,00
370922,788;290503,936;40,00
370923,518;290504,042;40,00
370924,444;290504,287;40,00
370924,954;290504,547;40,00
370925,330;290504,815;40,00
370925,592;290505,262;40,00
370925,712;290506,032;40,00
370925,738;290507,000;40,00
370925,720;290508,000;40,00
370925,646;290509,000;40,00
370925,505;290509,969;40,00
370925,326;290510,895;40,00
370925,162;290511,658;40,00
370925,026;290512,249;40,00
370924,909;290512,702;40,00
370924,727;290513,248;40,00
370924,453;290513,970;40,00
370924,022;290515,078;40,00
370923,656;290516,030;40,00
370923,335;290516,853;40,00
370923,073;290517,482;40,00
370922,836;290518,000;40,00
370922,593;290518,500;40,00
370922,350;290519,000;40,00
370922,116;290519,500;40,00
370921,887;290520,000;40,00
370921,653;290520,500;40,00
370921,403;290521,000;40,00
370921,127;290521,508;40,00
370920,804;290522,063;40,00
370920,429;290522,682;40,00
370920,073;290523,253;40,00
370919,795;290523,682;40,00
370919,535;290524,063;40,00
370919,219;290524,510;40,00
370918,845;290525,018;40,00
370918,430;290525,557;40,00
370917,978;290526,117;40,00
370917,497;290526,687;40,00
370917,000;290527,250;40,00
370916,506;290527,784;40,00
370916,045;290528,259;40,00
370915,651;290528,645;40,00
370915,348;290528,938;40,00
370914,933;290529,371;40,00
370914,662;290529,653;40,00
370914,385;290529,936;40,00
370913,888;290530,397;40,00
370913,486;290530,738;40,00
370913,000;290531,130;40,00
370912,497;290531,516;40,00
370911,972;290531,938;40,00
370911,420;290532,442;40,00
370910,889;290532,989;40,00
370910,420;290533,532;40,00
370909,972;290534,067;40,00
370909,497;290534,597;40,00
370909,000;290535,107;40,00
370908,500;290535,573;40,00
370908,000;290535,975;40,00
370907,507;290536,300;40,00
370907,053;290536,565;40,00
370906,659;290536,804;40,00
370906,269;290537,098;40,00
370905,821;290537,512;40,00
370905,324;290538,000;40,00
370904,817;290538,484;40,00
370904,399;290538,872;40,00
370903,754;290539,487;40,00
370903,256;290539,990;40,00
370902,405;290540,872;40,00
370901,841;290541,484;40,00
370901,375;290542,000;40,00
370900,922;290542,488;40,00
370900,523;290542,905;40,00
370900,218;290543,208;40,00
370899,906;290543,471;40,00
370899,485;290543,779;40,00
370898,972;290544,144;40,00
370898,400;290544,561;40,00
370897,735;290545,018;40,00
370896,985;290545,480;40,00
370896,363;290545,842;40,00
370895,848;290546,116;40,00
370895,481;290546,277;40,00
370895,000;290546,483;40,00
370894,500;290546,694;40,00
370894,000;290546,919;40,00
370893,500;290547,173;40,00
370893,000;290547,441;40,00
370892,500;290547,705;40,00
370892,000;290547,947;40,00
370891,488;290548,164;40,00
370890,906;290548,396;40,00
370890,209;290548,683;40,00
370889,458;290549,016;40,00
370888,740;290549,365;40,00
370888,151;290549,665;40,00
370887,921;290549,863;40,00
370888,812;290550,000;40,00
370889,342;290550,033;40,00
370889,978;290550,066;40,00
370890,686;290550,095;40,00
370891,430;290550,122;40,00
370892,175;290550,143;40,00
370892,886;290550,159;40,00
370893,527;290550,167;40,00
370893,830;290550,169;40,00
370895,110;290550,111;40,00
370895,509;290549,957;40,00
370895,787;290549,753;40,00
370896,252;290549,597;40,00
370897,029;290549,567;40,00
370898,000;290549,593;40,00
370898,979;290549,590;40,00
370899,833;290549,537;40,00
370900,479;290549,440;40,00
370901,000;290549,347;40,00
370901,500;290549,292;40,00
370901,996;290549,236;40,00
370902,482;290549,118;40,00
370902,925;290548,879;40,00
370903,294;290548,503;40,00
370903,586;290548,149;40,00
370904,106;290547,919;40,00
370904,513;290547,922;40,00
370905,000;290547,924;40,00
370905,500;290547,899;40,00
370906,000;290547,875;40,00
370906,521;290547,884;40,00
370907,167;290547,905;40,00
370907,990;290547,915;40,00
370908,755;290547,926;40,00
370909,235;290547,975;40,00
370909,522;290548,139;40,00
370909,757;290548,463;40,00
370909,932;290548,785;40,00
370910,208;290549,027;40,00
370910,551;290549,124;40,00
370911,010;290549,259;40,00
370911,485;290549,429;40,00
370911,873;290549,617;40,00
370912,288;290550,103;40,00
370912,492;290550,513;40,00
370912,609;290551,000;40,00
370912,527;290551,490;40,00
370912,339;290551,922;40,00
370912,163;290552,256;40,00
370912,019;290552,523;40,00
370911,910;290552,798;40,00
370911,850;290553,256;40,00
370911,851;290554,020;40,00
370911,892;290554,911;40,00
370911,943;290555,702;40,00
370911,993;290556,311;40,00
370912,035;290556,723;40,00
370912,074;290557,078;40,00
370912,124;290557,510;40,00
370912,212;290558,000;40,00
370912,340;290558,484;40,00
370912,388;290558,874;40,00
370912,241;290559,115;40,00
370911,923;290559,305;40,00
370911,490;290559,549;40,00
370911,000;290559,798;40,00
370910,516;290560,002;40,00
370910,126;290560,238;40,00
370909,884;290560,587;40,00
370909,679;290561,024;40,00
370909,408;290561,483;40,00
370909,161;290561,840;40,00
370908,925;290562,192;40,00
370908,738;290562,520;40,00
370908,497;290562,854;40,00
370908,237;290563,044;40,00
370907,916;290563,237;40,00
370907,489;290563,600;40,00
370907,000;290564,068;40,00
370906,417;290564,522;40,00
370905,333;290564,854;40,00
370904,664;290564,932;40,00
370903,899;290564,988;40,00
370903,102;290565,038;40,00
370902,337;290565,096;40,00
370901,669;290565,178;40,00
370900,612;290565,524;40,00
370900,177;290565,971;40,00
370900,027;290566,388;40,00
370899,987;290566,707;40,00
370899,770;290567,103;40,00
370899,434;290567,395;40,00
370898,984;290567,624;40,00
370898,498;290567,638;40,00
370898,000;290567,533;40,00
370897,503;290567,457;40,00
370897,023;290567,498;40,00
370896,587;290567,689;40,00
370896,259;290567,898;40,00
370895,023;290568,016;40,00
370894,438;290568,018;40,00
370893,741;290568,025;40,00
370892,982;290568,040;40,00
370892,211;290568,069;40,00
370891,478;290568,116;40,00
370890,833;290568,187;40,00
370889,500;290568,521;40,00
370888,167;290568,856;40,00
370887,522;290568,926;40,00
370886,785;290568,973;40,00
370886,004;290569,002;40,00
370885,226;290569,016;40,00
370884,497;290569,021;40,00
370883,866;290569,020;40,00
370882,718;290569,011;40,00
370882,296;290568,990;40,00
370882,006;290568,942;40,00
370881,885;290569,152;40,00
370881,898;290569,504;40,00
370881,939;290569,876;40,00
370881,991;290570,505;40,00
370882,002;290571,144;40,00
370882,020;290571,876;40,00
370882,057;290572,468;40,00
370882,079;290572,864;40,00
370881,894;290573,290;40,00
370881,625;290573,609;40,00
370881,378;290574,031;40,00
370881,279;290574,500;40,00
370881,238;290574,971;40,00
370881,141;290575,397;40,00
370881,003;290575,719;40,00
370880,649;290575,974;40,00
370880,362;290576,005;40,00
370880,082;290576,011;40,00
370879,679;290575,930;40,00
370879,372;290575,770;40,00
370878,990;290575,541;40,00
370878,598;290575,274;40,00
370878,281;290574,961;40,00
370878,101;290574,610;40,00
370878,011;290574,303;40,00
370877,910;290573,867;40,00
370877,893;290573,483;40,00
370877,912;290573,000;40,00
370877,975;290572,500;40,00
370878,068;290572,000;40,00
370878,170;290571,500;40,00
370878,246;290571,000;40,00
370878,263;290570,500;40,00
370878,196;290570,000;40,00
370878,045;290569,500;40,00
370877,904;290569,000;40,00
370877,857;290568,500;40,00
370877,862;290568,000;40,00
370877,855;290567,500;40,00
370877,831;290567,000;40,00
370877,793;290566,500;40,00
370877,706;290566,000;40,00
370877,546;290565,505;40,00
370877,352;290565,043;40,00
370877,175;290564,645;40,00
370877,040;290564,340;40,00
370876,928;290563,877;40,00
370876,921;290563,485;40,00
370876,879;290563,000;40,00
370876,760;290562,500;40,00
370876,641;290562,000;40,00
370876,590;290561,438;40,00
370876,520;290560,500;40,00
370876,446;290559,804;40,00
370876,353;290559,016;40,00
370876,255;290558,231;40,00
370876,165;290557,521;40,00
370876,049;290556,644;40,00
370875,949;290556,251;40,00
370875,565;290555,997;40,00
370875,287;290555,929;40,00
370874,933;290555,856;40,00
370874,492;290555,780;40,00
370874,000;290555,708;40,00
370873,500;290555,647;40,00
370873,000;290555,597;40,00
370872,479;290555,572;40,00
370871,833;290555,653;40,00
370871,042;290555,887;40,00
370870,036;290556,262;40,00
370869,146;290556,618;40,00
370868,478;290556,893;40,00
370867,536;290557,173;40,00
370866,888;290557,301;40,00
370866,109;290557,450;40,00
370865,333;290557,598;40,00
370864,521;290557,764;40,00
370863,833;290557,949;40,00
370863,033;290558,212;40,00
370862,000;290558,567;40,00
370861,031;290558,884;40,00
370859,833;290559,216;40,00
370858,979;290559,411;40,00
370858,122;290559,587;40,00
370857,333;290559,741;40,00
370856,500;290559,907;40,00
370855,667;290560,086;40,00
370854,934;290560,250;40,00
370854,127;290560,432;40,00
370853,333;290560,611;40,00
370852,542;290560,783;40,00
370852,000;290560,884;40,00
370851,375;290560,964;40,00
370850,000;290561,095;40,00
370849,372;290561,150;40,00
370848,638;290561,213;40,00
370847,810;290561,278;40,00
370846,904;290561,343;40,00
370845,935;290561,403;40,00
370844,916;290561,457;40,00
370843,833;290561,500;40,00
370842,890;290561,526;40,00
370841,939;290561,541;40,00
370840,992;290561,546;40,00
370840,056;290561,541;40,00
370839,142;290561,528;40,00
370838,257;290561,507;40,00
370837,412;290561,478;40,00
370836,615;290561,443;40,00
370835,288;290561,361;40,00
370834,120;290561,264;40,00
370833,073;290561,154;40,00
370831,793;290560,997;40,00
370830,750;290560,860;40,00
370829,795;290560,743;40,00
370828,971;290560,666;40,00
370828,480;290560,647;40,00
370827,668;290560,748;40,00
370827,294;290560,925;40,00
370826,865;290561,128;40,00
370826,489;290561,268;40,00
370826,046;290561,469;40,00
370825,653;290561,717;40,00
370825,351;290561,968;40,00
370824,995;290562,415;40,00
370824,843;290562,700;40,00
370824,655;290563,062;40,00
370824,423;290563,491;40,00
370824,211;290563,863;40,00
370823,967;290564,286;40,00
370823,828;290564,607;40,00
370823,664;290565,030;40,00
370823,499;290565,504;40,00
370823,350;290566,000;40,00
370823,219;290566,521;40,00
370823,062;290567,167;40,00
370822,845;290567,961;40,00
370822,567;290568,763;40,00
370822,276;290569,248;40,00
370821,928;290569,497;40,00
370821,491;290569,620;40,00
370821,000;290569,694;40,00
370820,517;290569,774;40,00
370820,134;290569,858;40,00
370819,902;290570,144;40,00
370820,006;290570,518;40,00
370820,174;290571,000;40,00
370820,323;290571,482;40,00
370820,363;290571,860;40,00
370820,222;290572,059;40,00
370819,916;290572,134;40,00
370819,502;290572,160;40,00
370819,100;290572,143;40,00
370818,565;290571,948;40,00
370818,287;290571,766;40,00
370817,933;290571,640;40,00
370817,492;290571,654;40,00
370817,000;290571,695;40,00
370816,500;290571,641;40,00
370816,000;290571,532;40,00
370815,500;290571,437;40,00
370815,000;290571,384;40,00
370814,500;290571,377;40,00
370814,000;290571,351;40,00
370813,500;290571,263;40,00
370813,000;290571,194;40,00
370812,500;290571,224;40,00
370812,000;290571,281;40,00
370811,500;290571,285;40,00
370811,000;290571,254;40,00
370810,500;290571,225;40,00
370810,000;290571,190;40,00
370809,500;290571,153;40,00
370809,000;290571,187;40,00
370808,518;290571,332;40,00
370808,146;290571,418;40,00
370807,941;290571,274;40,00
370807,751;290570,956;40,00
370807,420;290570,574;40,00
370806,979;290570,258;40,00
370806,518;290570,100;40,00
370806,164;290570,046;40,00
370804,989;290569,011;40,00
370804,595;290568,617;40,00
370804,136;290568,160;40,00
370803,630;290567,659;40,00
370803,095;290567,135;40,00
370802,548;290566,605;40,00
370802,009;290566,092;40,00
370801,495;290565,613;40,00
370800,830;290565,019;40,00
370799,604;290564,142;40,00
370799,000;290564,020;40,00
370798,500;290564,039;40,00
370798,000;290564,062;40,00
370797,500;290564,077;40,00
370797,000;290564,119;40,00
370796,479;290564,222;40,00
370795,833;290564,366;40,00
370795,011;290564,512;40,00
370794,167;290564,607;40,00
370793,523;290564,595;40,00
370793,018;290564,475;40,00
370792,593;290564,257;40,00
370792,405;290563,954;40,00
370792,603;290563,600;40,00
370793,098;290563,290;40,00
370793,732;290563,106;40,00
370794,319;290562,999;40,00
370794,730;290562,897;40,00
370795,080;290562,745;40,00
370795,512;290562,519;40,00
370796,013;290562,288;40,00
370796,537;290562,123;40,00
370797,051;290562,013;40,00
370797,537;290561,920;40,00
370798,013;290561,800;40,00
370798,502;290561,628;40,00
370799,000;290561,460;40,00
370799,500;290561,352;40,00
370800,000;290561,268;40,00
370800,481;290561,169;40,00
370800,849;290561,079;40,00
370801,231;290560,883;40,00
370801,561;290560,622;40,00
370801,971;290560,335;40,00
370802,353;290560,135;40,00
370802,655;290559,986;40,00
370803,122;290559,640;40,00
370803,501;290559,424;40,00
370803,887;290559,228;40,00
370804,381;290558,893;40,00
370804,658;290558,590;40,00
370804,915;290558,287;40,00
370805,279;290557,900;40,00
370805,588;290557,608;40,00
370805,915;290557,312;40,00
370806,338;290556,870;40,00
370806,530;290556,484;40,00
370806,701;290556,000;40,00
370806,814;290555,500;40,00
370806,877;290555,000;40,00
370806,900;290554,500;40,00
370806,866;290554,000;40,00
370806,755;290553,501;40,00
370806,564;290553,004;40,00
370806,294;290552,531;40,00
370805,936;290552,168;40,00
370805,492;290551,988;40,00
370805,000;290551,921;40,00
370804,500;290551,871;40,00
370804,000;290551,777;40,00
370803,500;290551,604;40,00
370803,000;290551,378;40,00
370802,500;290551,135;40,00
370802,000;290550,880;40,00
370801,500;290550,613;40,00
370801,000;290550,333;40,00
370800,485;290550,038;40,00
370799,883;290549,718;40,00
370799,143;290549,373;40,00
370798,366;290549,036;40,00
370797,663;290548,743;40,00
370797,044;290548,483;40,00
370796,483;290548,228;40,00
370795,917;290547,912;40,00
370795,309;290547,501;40,00
370794,751;290547,093;40,00
370794,324;290546,786;40,00
370793,939;290546,522;40,00
370793,492;290546,225;40,00
370793,000;290545,908;40,00
370792,512;290545,601;40,00
370792,094;290545,341;40,00
370791,793;290545,147;40,00
370791,545;290544,976;40,00
370791,278;290544,778;40,00
370790,982;290544,545;40,00
370790,667;290544,287;40,00
370790,383;290544,046;40,00
370789,887;290543,634;40,00
370789,486;290543,338;40,00
370789,000;290542,997;40,00
370788,500;290542,664;40,00
370788,000;290542,358;40,00
370787,500;290542,084;40,00
370787,000;290541,815;40,00
370786,514;290541,535;40,00
370786,112;290541,290;40,00
370785,615;290540,982;40,00
370785,322;290540,830;40,00
370784,945;290540,656;40,00
370784,493;290540,470;40,00
370784,000;290540,307;40,00
370783,518;290540,196;40,00
370783,143;290540,120;40,00
370782,826;290539,852;40,00
370782,687;290539,491;40,00
370782,499;290539,075;40,00
370782,257;290538,758;40,00
370781,953;290538,635;40,00
370781,600;290538,740;40,00
370781,291;290538,932;40,00
370780,873;290539,261;40,00
370780,551;290539,574;40,00
370780,370;290539,907;40,00
370780,563;290540,147;40,00
370780,972;290540,367;40,00
370781,371;290540,665;40,00
370781,671;290541,050;40,00
370781,836;290541,492;40,00
370781,913;290541,887;40,00
370782,041;290542,382;40,00
370782,149;290542,676;40,00
370782,186;290543,054;40,00
370782,053;290543,507;40,00
370781,793;290544,000;40,00
370781,488;290544,481;40,00
370781,227;290544,849;40,00
370780,856;290545,236;40,00
370780,482;290545,585;40,00
370780,000;290546,025;40,00
370779,479;290546,443;40,00
370778,833;290546,758;40,00
370777,981;290546,921;40,00
370777,000;290546,985;40,00
370776,021;290547,015;40,00
370775,167;290547,043;40,00
370774,521;290547,095;40,00
370774,000;290547,212;40,00
370773,500;290547,415;40,00
370773,000;290547,625;40,00
370772,511;290547,764;40,00
370772,087;290547,852;40,00
370771,770;290547,926;40,00
370771,513;290547,990;40,00
370771,249;290548,044;40,00
370770,920;290548,110;40,00
370770,490;290548,211;40,00
370770,000;290548,351;40,00
370769,514;290548,524;40,00
370769,115;290548,702;40,00
370768,628;290548,992;40,00
370768,332;290549,109;40,00
370767,949;290549,192;40,00
370767,494;290549,226;40,00
370767,000;290549,214;40,00
370766,509;290549,169;40,00
370766,072;290549,110;40,00
370765,736;290549,035;40,00
370765,525;290548,851;40,00
370765,398;290548,461;40,00
370765,091;290547,833;40,00
370764,640;290547,257;40,00
370764,115;290546,644;40,00
370763,747;290546,167;40,00
370763,431;290545,521;40,00
370763,241;290545,000;40,00
370762,906;290544,500;40,00
370762,571;290544,000;40,00
370762,416;290543,512;40,00
370762,337;290543,100;40,00
370762,198;290542,807;40,00
370762,033;290542,565;40,00
370761,901;290542,286;40,00
370761,791;290541,933;40,00
370761,695;290541,507;40,00
370761,678;290541,126;40,00
370762,095;290540,755;40,00
370762,505;290540,629;40,00
370762,949;290540,469;40,00
370763,333;290540,259;40,00
370763,629;290540,059;40,00
370764,116;290539,823;40,00
370764,510;290539,704;40,00
370764,965;290539,531;40,00
370765,379;290539,297;40,00
370765,693;290539,080;40,00
370766,132;290538,865;40,00
370766,516;290538,744;40,00
370767,000;290538,538;40,00
370767,500;290538,232;40,00
370768,000;290537,935;40,00
370768,500;290537,751;40,00
370769,000;290537,635;40,00
370769,497;290537,517;40,00
370769,973;290537,373;40,00
370770,401;290537,201;40,00
370770,724;290537,040;40,00
370771,139;290536,743;40,00
370771,498;290536,468;40,00
370771,848;290536,202;40,00
370772,224;290535,911;40,00
370772,562;290535,683;40,00
370773,014;290535,436;40,00
370773,484;290535,260;40,00
370773,858;290535,147;40,00
370774,219;290534,854;40,00
370774,434;290534,498;40,00
370774,666;290534,127;40,00
370775,119;290533,754;40,00
370775,515;290533,627;40,00
370776,000;290533,547;40,00
370776,489;290533,543;40,00
370776,914;290533,496;40,00
370777,212;290533,286;40,00
370777,324;290532,914;40,00
370777,228;290532,426;40,00
370777,038;290531,907;40,00
370776,878;290531,433;40,00
370776,755;290530,977;40,00
370776,650;290530,497;40,00
370776,557;290530,000;40,00
370776,471;290529,479;40,00
370776,384;290528,833;40,00
370776,292;290527,984;40,00
370776,205;290527,000;40,00
370776,135;290526,038;40,00
370776,080;290525,287;40,00
370775,964;290524,649;40,00
370775,851;290524,347;40,00
370775,708;290523,954;40,00
370775,552;290523,494;40,00
370775,377;290523,000;40,00
370775,173;290522,500;40,00
370774,941;290522,000;40,00
370774,682;290521,479;40,00
370774,381;290520,833;40,00
370774,046;290520,027;40,00
370773,584;290518,833;40,00
370773,276;290518,016;40,00
370772,964;290517,174;40,00
370772,624;290516,238;40,00
370772,274;290515,248;40,00
370771,993;290514,453;40,00
370771,731;290513,727;40,00
370771,558;290513,072;40,00
370771,541;290512,509;40,00
370771,615;290512,000;40,00
370771,700;290511,479;40,00
370771,793;290510,833;40,00
370771,919;290510,020;40,00
370772,149;290509,272;40,00
370772,530;290508,846;40,00
370773,005;290508,598;40,00
370773,481;290508,353;40,00
370773,845;290508,147;40,00
370774,215;290507,913;40,00
370774,561;290507,702;40,00
370775,057;290507,446;40,00
370775,617;290507,201;40,00
370776,063;290506,903;40,00
370776,259;290506,488;40,00
370776,321;290506,000;40,00
370776,383;290505,500;40,00
370776,420;290505,000;40,00
370776,384;290504,500;40,00
370776,311;290504,000;40,00
370776,244;290503,479;40,00
370776,186;290502,833;40,00
370776,131;290501,939;40,00
370776,076;290500,667;40,00
370776,048;290499,860;40,00
370776,023;290498,959;40,00
370776,003;290497,996;40,00
370775,991;290497,000;40,00
370775,989;290496,000;40,00
370775,996;290495,000;40,00
370776,012;290494,000;40,00
370776,034;290493,000;40,00
370776,062;290492,003;40,00
370776,093;290491,022;40,00
370776,127;290490,072;40,00
370776,160;290489,167;40,00
370776,203;290488,050;40,00
370776,242;290487,008;40,00
370776,276;290486,000;40,00
370776,304;290485,006;40,00
370776,324;290484,050;40,00
370776,337;290483,167;40,00
370776,340;290482,042;40,00
370776,312;290481,167;40,00
370776,244;290480,530;40,00
370776,159;290480,076;40,00
370776,078;290479,739;40,00
370776,007;290479,471;40,00
370775,898;290478,909;40,00
370775,854;290478,489;40,00
370775,796;290478,000;40,00
370775,700;290477,500;40,00
370775,535;290477,000;40,00
370775,301;290476,500;40,00
370775,131;290476,000;40,00
370775,133;290475,513;40,00
370775,179;290475,101;40,00
370774,993;290474,571;40,00
370774,842;290474,290;40,00
370774,691;290473,934;40,00
370774,548;290473,492;40,00
370774,420;290473,000;40,00
370774,312;290472,492;40,00
370774,212;290471,937;40,00
370774,107;290471,317;40,00
370773,992;290470,746;40,00
370773,867;290470,317;40,00
370773,742;290469,937;40,00
370773,618;290469,502;40,00
370773,464;290469,081;40,00
370773,254;290468,755;40,00
370773,032;290468,492;40,00
370772,845;290468,234;40,00
370772,687;290467,915;40,00
370772,540;290467,489;40,00
370772,383;290466,996;40,00
370772,201;290466,488;40,00
370772,015;290465,983;40,00
370771,847;290465,488;40,00
370771,712;290464,996;40,00
370771,606;290464,504;40,00
370771,473;290464,035;40,00
370771,266;290463,621;40,00
370771,039;290463,307;40,00
370770,639;290462,868;40,00
370770,377;290462,502;40,00
370770,147;290462,145;40,00
370769,931;290461,747;40,00
370769,760;290461,423;40,00
370769,527;290461,024;40,00
370769,263;290460,629;40,00
370768,956;290460,183;40,00
370768,607;290459,648;40,00
370768,299;290459,180;40,00
370767,867;290458,820;40,00
370767,489;290458,742;40,00
370767,042;290458,602;40,00
370766,642;290458,332;40,00
370766,346;290457,950;40,00
370766,178;290457,494;40,00
370766,095;290457,000;40,00
370766,046;290456,500;40,00
370766,000;290456,000;40,00
370765,901;290455,515;40,00
370765,578;290455,121;40,00
370764,914;290454,877;40,00
370764,144;290454,718;40,00
370763,518;290454,588;40,00
370763,000;290454,606;40,00
370762,500;290454,856;40,00
370762,000;290455,127;40,00
370761,507;290455,202;40,00
370761,058;290455,146;40,00
370760,711;290455,054;40,00
370760,577;290454,857;40,00
370760,723;290454,482;40,00
370760,970;290454,000;40,00
370761,138;290453,500;40,00
370761,295;290453,000;40,00
370761,529;290452,517;40,00
370761,763;290452,136;40,00
370762,107;290451,709;40,00
370762,402;290451,409;40,00
370762,702;290451,119;40,00
370763,085;290450,767;40,00
370763,356;290450,446;40,00
370763,638;290450,101;40,00
370764,118;290449,654;40,00
370764,512;290449,383;40,00
370764,980;290449,012;40,00
370765,463;290448,549;40,00
370766,086;290448,106;40,00
370766,863;290447,807;40,00
370767,732;290447,532;40,00
370768,223;290447,282;40,00
370768,510;290447,079;40,00
370769,086;290446,780;40,00
370769,573;290446,455;40,00
370770,500;290446,138;40,00
370771,203;290446,042;40,00
370772,000;290445,974;40,00
370772,797;290445,904;40,00
370773,500;290445,801;40,00
370774,708;290445,461;40,00
370777,167;290445,111;40,00
370777,734;290445,074;40,00
370778,358;290445,041;40,00
370779,029;290445,012;40,00
370779,738;290444,985;40,00
370780,476;290444,961;40,00
370781,232;290444,938;40,00
370781,997;290444,916;40,00
370782,762;290444,894;40,00
370783,517;290444,873;40,00
370784,252;290444,850;40,00
370784,959;290444,826;40,00
370785,627;290444,800;40,00
370786,247;290444,771;40,00
370786,809;290444,738;40,00
370789,137;290444,248;40,00
370789,720;290442,645;40,00
370789,765;290442,050;40,00
370789,801;290441,378;40,00
370789,829;290440,653;40,00
370789,851;290439,897;40,00
370789,868;290439,133;40,00
370789,880;290438,385;40,00
370789,890;290437,676;40,00
370789,898;290437,030;40,00
370789,906;290436,469;40,00
370790,111;290434,709;40,00
370790,384;290434,390;40,00
370790,643;290433,969;40,00
370790,722;290433,475;40,00
370790,507;290432,833;40,00
370790,108;290432,187;40,00
370789,659;290431,507;40,00
370789,462;290431,167;40,00
370789,249;290430,521;40,00
370789,268;290430,000;40,00
370789,377;290429,491;40,00
370789,543;290428,931;40,00
370789,769;290428,300;40,00
370790,085;290427,715;40,00
370790,511;290427,282;40,00
370791,000;290426,953;40,00
370791,483;290426,655;40,00
370791,866;290426,393;40,00
370792,299;290425,919;40,00
370792,600;290425,585;40,00
370792,909;290425,275;40,00
370793,338;290424,909;40,00
370793,636;290424,644;40,00
370793,981;290424,362;40,00
370794,307;290424,158;40,00
370794,587;290424,026;40,00
IsoValue 40 dB(A)
370766,282;290454,000;40,00
370766,000;290453,975;40,00
370765,972;290454,000;40,00
370766,000;290454,536;40,00
370766,282;290454,000;40,00
IsoValue 40 dB(A)
370779,168;290536,000;40,00
370779,000;290535,840;40,00
370778,916;290536,000;40,00
370779,000;290536,668;40,00
370779,168;290536,000;40,00
IsoValue 40 dB(A)
370780,075;290537,000;40,00
370780,000;290536,934;40,00
370779,584;290537,000;40,00
370780,000;290537,132;40,00
370780,075;290537,000;40,00
IsoValue 40 dB(A)
370776,450;290551,085;40,00
370776,724;290550,892;40,00
370777,071;290550,727;40,00
370777,509;290550,522;40,00
370778,000;290550,347;40,00
370778,505;290550,291;40,00
370779,042;290550,390;40,00
370779,605;290550,656;40,00
370780,045;290551,045;40,00
370780,245;290551,506;40,00
370780,355;290552,000;40,00
370780,538;290552,483;40,00
370780,744;290552,866;40,00
370781,133;290553,296;40,00
370781,512;290553,616;40,00
370781,963;290554,036;40,00
370782,372;290554,490;40,00
370782,684;290554,867;40,00
370783,095;290555,299;40,00
370783,396;290555,600;40,00
370783,695;290555,906;40,00
370784,011;290556,327;40,00
370784,149;290556,636;40,00
370784,358;290557,040;40,00
370784,680;290557,504;40,00
370785,085;290557,988;40,00
370785,514;290558,445;40,00
370785,850;290558,785;40,00
370786,193;290559,132;40,00
370786,521;290559,433;40,00
370786,855;290559,743;40,00
370787,102;290560,144;40,00
370787,179;290560,515;40,00
370787,340;290560,976;40,00
370787,617;290561,411;40,00
370787,884;290561,738;40,00
370788,213;290562,100;40,00
370788,553;290562,373;40,00
370789,004;290562,661;40,00
370789,474;290562,876;40,00
370789,922;290563,123;40,00
370790,320;290563,503;40,00
370790,634;290563,902;40,00
370790,845;290564,198;40,00
370790,991;290564,443;40,00
370791,107;290564,702;40,00
370791,157;290564,929;40,00
370790,873;290565,222;40,00
370790,484;290565,430;40,00
370790,000;290565,635;40,00
370789,507;290565,766;40,00
370789,052;290565,848;40,00
370788,670;290565,922;40,00
370788,375;290565,990;40,00
370787,719;290566,086;40,00
370786,965;290566,114;40,00
370786,000;290566,124;40,00
370785,021;290566,122;40,00
370784,167;290566,155;40,00
370783,521;290566,252;40,00
370783,000;290566,328;40,00
370782,500;290566,316;40,00
370782,000;290566,322;40,00
370781,502;290566,457;40,00
370781,016;290566,657;40,00
370780,546;290566,834;40,00
370780,064;290566,964;40,00
370779,546;290567,045;40,00
370779,016;290567,092;40,00
370778,502;290567,128;40,00
370778,000;290567,167;40,00
370777,500;290567,221;40,00
370777,000;290567,274;40,00
370776,500;290567,323;40,00
370776,000;290567,419;40,00
370775,517;290567,601;40,00
370775,135;290567,793;40,00
370774,708;290567,991;40,00
370774,389;290568,044;40,00
370773,969;290568,082;40,00
370773,496;290568,104;40,00
370773,000;290568,104;40,00
370772,500;290568,058;40,00
370772,000;290567,884;40,00
370771,515;290567,535;40,00
370771,121;290567,193;40,00
370770,773;290566,839;40,00
370770,713;290566,480;40,00
370770,563;290566,000;40,00
370770,231;290565,500;40,00
370769,898;290565,000;40,00
370769,709;290564,479;40,00
370769,393;290563,833;40,00
370768,942;290563,258;40,00
370768,418;290562,645;40,00
370768,051;290562,167;40,00
370767,742;290561,521;40,00
370767,561;290561,000;40,00
370767,235;290560,500;40,00
370766,907;290560,000;40,00
370766,743;290559,500;40,00
370766,579;290559,000;40,00
370766,247;290558,500;40,00
370765,912;290558,000;40,00
370765,738;290557,500;40,00
370765,569;290557,000;40,00
370765,247;290556,500;40,00
370764,938;290556,000;40,00
370764,827;290555,507;40,00
370764,856;290555,053;40,00
370764,930;290554,674;40,00
370765,056;290554,379;40,00
370765,253;290554,167;40,00
370765,495;290554,003;40,00
370765,757;290553,849;40,00
370766,082;290553,688;40,00
370766,510;290553,520;40,00
370767,000;290553,385;40,00
370767,509;290553,317;40,00
370768,075;290553,257;40,00
370768,715;290553,152;40,00
370769,299;290553,047;40,00
370769,715;290552,991;40,00
370770,075;290552,950;40,00
370770,509;290552,878;40,00
370771,000;290552,774;40,00
370771,500;290552,650;40,00
370772,000;290552,538;40,00
370772,498;290552,457;40,00
370772,980;290552,360;40,00
370773,423;290552,208;40,00
370773,755;290552,064;40,00
370774,147;290551,951;40,00
370774,518;290551,899;40,00
370775,000;290551,839;40,00
370775,488;290551,771;40,00
370775,904;290551,628;40,00
370776,204;290551,364;40,00
370776,450;290551,085;40,00
IsoValue 40 dB(A)
370779,542;290552,027;40,00
370779,379;290551,757;40,00
370779,055;290551,642;40,00
370778,785;290551,757;40,00
370778,677;290552,027;40,00
370778,785;290552,323;40,00
370779,055;290552,465;40,00
370779,379;290552,323;40,00
370779,542;290552,027;40,00
IsoValue 40 dB(A)
370948,459;290555,997;40,00
370948,731;290555,954;40,00
370949,073;290555,930;40,00
370949,509;290555,930;40,00
370950,000;290555,883;40,00
370950,500;290555,733;40,00
370951,000;290555,553;40,00
370951,500;290555,428;40,00
370952,000;290555,351;40,00
370952,500;290555,301;40,00
370953,000;290555,289;40,00
370953,500;290555,323;40,00
370954,000;290555,377;40,00
370954,487;290555,434;40,00
370954,899;290555,542;40,00
370955,167;290555,735;40,00
370955,261;290555,939;40,00
370954,957;290556,280;40,00
370954,677;290556,589;40,00
370954,402;290556,922;40,00
370954,169;290557,178;40,00
370953,889;290557,409;40,00
370953,477;290557,693;40,00
370952,987;290558,040;40,00
370952,491;290558,438;40,00
370951,997;290558,838;40,00
370951,506;290559,193;40,00
370951,050;290559,497;40,00
370950,666;290559,756;40,00
370950,369;290559,973;40,00
370949,886;290560,373;40,00
370949,500;290560,669;40,00
370949,065;290561,052;40,00
370948,686;290561,495;40,00
370948,388;290561,907;40,00
370948,155;290562,211;40,00
370947,869;290562,461;40,00
370947,431;290562,718;40,00
370946,923;290562,958;40,00
370946,458;290563,136;40,00
370946,083;290563,206;40,00
370945,577;290562,994;40,00
370945,310;290562,821;40,00
370945,057;290562,604;40,00
370944,874;290562,314;40,00
370944,754;290561,943;40,00
370944,680;290561,493;40,00
370944,638;290561,000;40,00
370944,627;290560,500;40,00
370944,667;290560,000;40,00
370944,769;290559,500;40,00
370944,867;290559,000;40,00
370944,904;290558,519;40,00
370944,916;290558,148;40,00
370945,149;290557,878;40,00
370945,512;290557,788;40,00
370945,943;290557,622;40,00
370946,316;290557,352;40,00
370946,606;290557,062;40,00
370947,110;290556,621;40,00
370947,502;290556,375;40,00
370947,906;290556,163;40,00
370948,459;290555,997;40,00
IsoValue 40 dB(A)
370922,335;290569,986;40,00
370922,642;290569,929;40,00
370923,042;290569,860;40,00
370923,494;290569,795;40,00
370923,910;290569,784;40,00
370924,220;290569,867;40,00
370924,473;290570,021;40,00
370924,732;290570,216;40,00
370925,006;290570,446;40,00
370925,287;290570,710;40,00
370925,553;290570,979;40,00
370925,788;290571,228;40,00
370926,007;290571,471;40,00
370926,233;290571,736;40,00
370926,475;290572,049;40,00
370926,723;290572,411;40,00
370926,925;290572,725;40,00
370926,557;290572,990;40,00
370925,932;290573,029;40,00
370925,133;290573,056;40,00
370924,254;290573,068;40,00
370923,276;290573,028;40,00
370922,638;290572,850;40,00
370922,286;290572,500;40,00
370922,120;290572,150;40,00
370921,947;290571,768;40,00
370921,815;290571,433;40,00
370921,740;290570,992;40,00
370921,818;290570,544;40,00
370921,977;290570,201;40,00
370922,335;290569,986;40,00
IsoValue 40 dB(A)
370770,329;290576,060;40,00
370770,591;290575,698;40,00
370771,021;290575,447;40,00
370771,513;290575,330;40,00
370772,079;290575,387;40,00
370772,729;290575,635;40,00
370773,318;290575,971;40,00
370773,719;290576,286;40,00
370774,001;290576,557;40,00
370774,251;290576,802;40,00
370774,414;290577,098;40,00
370774,426;290577,491;40,00
370774,327;290577,833;40,00
370773,891;290577,834;40,00
370773,485;290577,523;40,00
370772,999;290577,336;40,00
370772,500;290577,524;40,00
370771,999;290577,836;40,00
370771,507;290577,960;40,00
370771,074;290577,834;40,00
370770,747;290577,479;40,00
370770,502;290577,000;40,00
370770,328;290576,508;40,00
370770,329;290576,060;40,00
IsoValue 40 dB(A)
370784,563;290584,005;40,00
370784,805;290583,850;40,00
370785,099;290583,703;40,00
370785,512;290583,578;40,00
370786,000;290583,539;40,00
370786,480;290583,633;40,00
370786,839;290583,783;40,00
370786,688;290584,355;40,00
370786,266;290584,859;40,00
370785,698;290585,510;40,00
370785,005;290586,284;40,00
370784,327;290587,028;40,00
370783,691;290587,713;40,00
370783,167;290588,268;40,00
370782,521;290588,909;40,00
370782,000;290589,273;40,00
370781,486;290589,425;40,00
370780,890;290589,658;40,00
370780,262;290590,132;40,00
370779,291;290591,062;40,00
370778,617;290591,738;40,00
370777,854;290592,500;40,00
370777,140;290593,203;40,00
370776,541;290593,783;40,00
370775,914;290594,376;40,00
370775,298;290594,938;40,00
370774,728;290595,426;40,00
370774,396;290595,687;40,00
370773,545;290596,142;40,00
370772,963;290596,038;40,00
370772,391;290595,605;40,00
370771,824;290595,042;40,00
370771,331;290594,505;40,00
370770,996;290594,000;40,00
370770,870;290593,500;40,00
370770,830;290593,000;40,00
370770,758;290592,511;40,00
370770,727;290592,087;40,00
370770,831;290591,770;40,00
370771,060;290591,513;40,00
370771,381;290591,249;40,00
370771,774;290590,920;40,00
370772,205;290590,509;40,00
370772,582;290590,153;40,00
370773,115;290589,909;40,00
370773,508;290589,839;40,00
370773,952;290589,680;40,00
370774,343;290589,394;40,00
370774,643;290589,102;40,00
370775,119;290588,798;40,00
370775,515;290588,662;40,00
370776,000;290588,547;40,00
370776,500;290588,488;40,00
370777,000;290588,424;40,00
370777,500;290588,280;40,00
370778,000;290588,022;40,00
370778,493;290587,656;40,00
370778,943;290587,313;40,00
370779,316;290587,112;40,00
370779,606;290587,009;40,00
370780,110;290586,716;40,00
370780,514;290586,342;40,00
370781,000;290585,923;40,00
370781,488;290585,600;40,00
370781,902;290585,364;40,00
370782,199;290585,166;40,00
370782,443;290584,950;40,00
370782,720;290584,687;40,00
370783,069;290584,464;40,00
370783,500;290584,355;40,00
370783,932;290584,284;40,00
370784,285;290584,162;40,00
370784,563;290584,005;40,00
IsoValue 45 dB(A)
370795,580;290440,022;45,00
370796,103;290439,809;45,00
370796,513;290439,711;45,00
370797,000;290439,633;45,00
370797,500;290439,613;45,00
370798,000;290439,740;45,00
370798,481;290440,063;45,00
370798,849;290440,449;45,00
370799,102;290441,088;45,00
370799,162;290441,511;45,00
370799,182;290442,000;45,00
370799,118;290442,500;45,00
370798,955;290443,000;45,00
370798,703;290443,493;45,00
370798,429;290443,942;45,00
370798,200;290444,292;45,00
370798,008;290444,435;45,00
370797,825;290444,303;45,00
370797,607;290444,032;45,00
370797,328;290443,793;45,00
370797,036;290443,693;45,00
370796,780;290443,790;45,00
370796,537;290444,006;45,00
370796,266;290444,236;45,00
370795,926;290444,386;45,00
370795,491;290444,398;45,00
370795,000;290444,335;45,00
370794,500;290444,276;45,00
370794,000;290444,229;45,00
370793,503;290444,209;45,00
370793,025;290444,307;45,00
370792,591;290444,581;45,00
370792,265;290444,880;45,00
370791,691;290445,108;45,00
370790,999;290445,129;45,00
370790,298;290445,117;45,00
370789,860;290444,974;45,00
370790,071;290444,635;45,00
370790,316;290444,337;45,00
370790,542;290443,950;45,00
370790,662;290443,494;45,00
370790,722;290443,000;45,00
370790,790;290442,501;45,00
370790,864;290442,007;45,00
370790,952;290441,536;45,00
370791,145;290441,155;45,00
370791,539;290440,923;45,00
370792,167;290440,827;45,00
370792,998;290440,817;45,00
370793,833;290440,772;45,00
370794,471;290440,595;45,00
370794,937;290440,361;45,00
370795,297;290440,168;45,00
370795,580;290440,022;45,00
IsoValue 45 dB(A)
370797,638;290447,018;45,00
370797,823;290446,586;45,00
370798,102;290446,344;45,00
370798,493;290446,395;45,00
370798,840;290446,604;45,00
370799,054;290447,271;45,00
370799,101;290448,012;45,00
370799,146;290448,833;45,00
370799,171;290449,479;45,00
370799,178;290450,000;45,00
370799,176;290450,500;45,00
370799,165;290451,000;45,00
370799,144;290451,505;45,00
370799,109;290452,041;45,00
370799,041;290452,598;45,00
370798,853;290453,004;45,00
370798,492;290453,093;45,00
370798,084;290452,897;45,00
370797,772;290452,501;45,00
370797,572;290452,006;45,00
370797,461;290451,501;45,00
370797,380;290451,000;45,00
370797,283;290450,500;45,00
370797,218;290450,000;45,00
370797,232;290449,500;45,00
370797,287;290449,000;45,00
370797,336;290448,500;45,00
370797,397;290448,000;45,00
370797,497;290447,502;45,00
370797,638;290447,018;45,00
IsoValue 45 dB(A)
370800,305;290502,011;45,00
370800,597;290501,572;45,00
370800,880;290501,376;45,00
370801,027;290501,572;45,00
370801,081;290502,011;45,00
370801,116;290502,501;45,00
370801,144;290503,000;45,00
370801,164;290503,500;45,00
370801,176;290504,000;45,00
370801,186;290504,500;45,00
370801,221;290505,000;45,00
370801,311;290505,488;45,00
370801,474;290505,903;45,00
370801,710;290506,201;45,00
370801,965;290506,447;45,00
370802,185;290506,722;45,00
370802,397;290507,070;45,00
370802,623;290507,509;45,00
370802,789;290508,000;45,00
370802,830;290508,500;45,00
370802,811;290509,000;45,00
370802,803;290509,500;45,00
370802,792;290510,000;45,00
370802,755;290510,500;45,00
370802,733;290511,000;45,00
370802,768;290511,500;45,00
370802,835;290512,000;45,00
370802,899;290512,480;45,00
370802,949;290512,842;45,00
370803,160;290513,106;45,00
370803,520;290513,238;45,00
370804,000;290513,332;45,00
370804,492;290513,302;45,00
370804,939;290513,200;45,00
370805,284;290513,093;45,00
370805,425;290512,975;45,00
370805,300;290512,821;45,00
370805,064;290512,608;45,00
370804,892;290512,333;45,00
370804,831;290512,073;45,00
370805,011;290511,851;45,00
370805,381;290512,109;45,00
370805,675;290512,430;45,00
370806,054;290512,690;45,00
370806,548;290512,723;45,00
370807,333;290512,590;45,00
370808,077;290512,466;45,00
370808,895;290512,339;45,00
370809,667;290512,224;45,00
370810,439;290512,111;45,00
370810,842;290512,051;45,00
370811,035;290511,861;45,00
370811,024;290511,563;45,00
370810,999;290511,254;45,00
370811,129;290510,981;45,00
370811,514;290510,869;45,00
370812,157;290510,706;45,00
370812,968;290510,490;45,00
370813,833;290510,237;45,00
370814,498;290510,007;45,00
370815,155;290509,744;45,00
370815,910;290509,428;45,00
370816,618;290509,126;45,00
370817,136;290508,796;45,00
370817,446;290508,470;45,00
370817,760;290508,130;45,00
370818,061;290507,723;45,00
370818,267;290507,416;45,00
370818,651;290507,098;45,00
370819,249;290506,888;45,00
370819,913;290506,755;45,00
370820,489;290506,638;45,00
370821,000;290506,520;45,00
370821,499;290506,398;45,00
370821,990;290506,269;45,00
370822,555;290506,134;45,00
370823,627;290505,987;45,00
370824,291;290505,926;45,00
370825,068;290505,864;45,00
370825,910;290505,805;45,00
370826,770;290505,752;45,00
370827,657;290505,706;45,00
370828,904;290505,658;45,00
370830,037;290505,629;45,00
370831,167;290505,603;45,00
370832,062;290505,578;45,00
370832,957;290505,550;45,00
370833,790;290505,523;45,00
370834,500;290505,502;45,00
370835,438;290505,486;45,00
370836,000;290505,486;45,00
370836,500;290505,480;45,00
370837,000;290505,460;45,00
370837,500;290505,426;45,00
370838,000;290505,395;45,00
370838,500;290505,382;45,00
370839,000;290505,385;45,00
370839,500;290505,401;45,00
370840,000;290505,431;45,00
370840,500;290505,480;45,00
370841,000;290505,544;45,00
370841,496;290505,622;45,00
370841,968;290505,722;45,00
370842,381;290505,867;45,00
370842,662;290506,117;45,00
370842,762;290506,515;45,00
370842,765;290507,000;45,00
370842,771;290507,500;45,00
370842,798;290508,000;45,00
370842,835;290508,500;45,00
370842,844;290509,000;45,00
370842,792;290509,500;45,00
370842,695;290510,000;45,00
370842,585;290510,521;45,00
370842,501;290511,167;45,00
370842,456;290512,000;45,00
370842,365;290512,833;45,00
370842,143;290513,479;45,00
370841,823;290514,000;45,00
370841,452;290514,502;45,00
370841,025;290515,015;45,00
370840,532;290515,544;45,00
370840,000;290516,061;45,00
370839,467;290516,537;45,00
370838,951;290516,960;45,00
370838,465;290517,328;45,00
370837,988;290517,664;45,00
370837,498;290517,992;45,00
370837,000;290518,311;45,00
370836,500;290518,614;45,00
370836,000;290518,888;45,00
370835,500;290519,121;45,00
370835,000;290519,328;45,00
370834,479;290519,534;45,00
370833,833;290519,776;45,00
370833,015;290520,064;45,00
370831,833;290520,417;45,00
370830,981;290520,627;45,00
370830,127;290520,819;45,00
370829,333;290520,990;45,00
370828,396;290521,184;45,00
370826,833;290521,414;45,00
370826,225;290521,491;45,00
370825,535;290521,575;45,00
370824,792;290521,665;45,00
370824,020;290521,756;45,00
370823,248;290521,847;45,00
370822,502;290521,935;45,00
370821,809;290522,017;45,00
370821,167;290522,093;45,00
370819,646;290522,285;45,00
370819,000;290522,378;45,00
370818,496;290522,456;45,00
370817,969;290522,573;45,00
370817,410;290522,765;45,00
370816,875;290523,003;45,00
370816,426;290523,252;45,00
370816,097;290523,502;45,00
370815,886;290523,755;45,00
370815,681;290524,030;45,00
370815,369;290524,333;45,00
370814,962;290524,613;45,00
370814,474;290524,814;45,00
370813,833;290524,931;45,00
370813,000;290524,972;45,00
370812,167;290524,954;45,00
370811,521;290524,894;45,00
370811,000;290524,817;45,00
370810,512;290524,754;45,00
370810,092;290524,753;45,00
370809,786;290524,855;45,00
370809,535;290525,054;45,00
370809,161;290525,317;45,00
370808,092;290525,533;45,00
370807,475;290525,573;45,00
370806,731;290525,597;45,00
370805,887;290525,607;45,00
370804,967;290525,606;45,00
370803,996;290525,598;45,00
370803,000;290525,584;45,00
370802,003;290525,567;45,00
370801,019;290525,549;45,00
370800,063;290525,528;45,00
370799,149;290525,506;45,00
370798,290;290525,482;45,00
370797,500;290525,456;45,00
370796,163;290525,405;45,00
370795,121;290525,379;45,00
370794,333;290525,406;45,00
370793,521;290525,567;45,00
370792,833;290525,738;45,00
370792,001;290525,786;45,00
370791,167;290525,759;45,00
370790,521;290525,731;45,00
370790,000;290525,702;45,00
370789,500;290525,659;45,00
370789,000;290525,611;45,00
370788,500;290525,562;45,00
370788,000;290525,496;45,00
370787,505;290525,396;45,00
370787,040;290525,272;45,00
370786,637;290525,138;45,00
370786,328;290525,005;45,00
370785,931;290524,501;45,00
370785,672;290523,860;45,00
370785,415;290523,125;45,00
370785,243;290522,523;45,00
370785,137;290522,061;45,00
370785,064;290521,676;45,00
370785,012;290521,245;45,00
370784,980;290520,676;45,00
370784,962;290520,061;45,00
370784,954;290519,508;45,00
370784,955;290519,000;45,00
370784,961;290518,511;45,00
370784,971;290518,084;45,00
370785,045;290517,504;45,00
370785,187;290517,253;45,00
370785,536;290516,999;45,00
370786,175;290516,744;45,00
370786,952;290516,492;45,00
370787,701;290516,249;45,00
370788,437;290516,037;45,00
370789,236;290515,869;45,00
370790,234;290515,710;45,00
370791,049;290515,591;45,00
370791,894;290515,470;45,00
370792,667;290515,359;45,00
370793,454;290515,239;45,00
370793,962;290515,152;45,00
370794,390;290515,067;45,00
370794,847;290514,937;45,00
370795,394;290514,730;45,00
370795,993;290514,482;45,00
370796,580;290514,227;45,00
370797,086;290513,912;45,00
370797,454;290513,468;45,00
370797,679;290512,833;45,00
370797,776;290511,979;45,00
370797,775;290511,000;45,00
370797,726;290510,026;45,00
370797,754;290509,167;45,00
370797,959;290508,521;45,00
370798,267;290508,000;45,00
370798,590;290507,479;45,00
370798,962;290506,833;45,00
370799,354;290506,095;45,00
370799,781;290505,080;45,00
370799,954;290504,272;45,00
370799,999;290503,654;45,00
370800,063;290502,913;45,00
370800,137;290502,491;45,00
370800,305;290502,011;45,00
IsoValue 45 dB(A)
370898,733;290504,991;45,00
370899,436;290504,972;45,00
370900,307;290504,954;45,00
370900,891;290504,946;45,00
370901,966;290504,943;45,00
370902,833;290504,948;45,00
370903,479;290504,947;45,00
370904,000;290504,938;45,00
370904,504;290504,923;45,00
370905,028;290504,923;45,00
370905,579;290504,971;45,00
370906,094;290505,150;45,00
370906,500;290505,519;45,00
370906,722;290506,000;45,00
370906,717;290506,494;45,00
370906,548;290506,950;45,00
370906,299;290507,336;45,00
370906,050;290507,634;45,00
370905,635;290508,057;45,00
370905,348;290508,321;45,00
370905,043;290508,593;45,00
370904,782;290508,815;45,00
370904,538;290509,011;45,00
370904,266;290509,217;45,00
370903,921;290509,450;45,00
370903,475;290509,714;45,00
370902,978;290509,988;45,00
370902,463;290510,253;45,00
370901,828;290510,525;45,00
370901,022;290510,799;45,00
370900,000;290511,062;45,00
370899,005;290511,215;45,00
370898,000;290511,280;45,00
370897,022;290511,275;45,00
370896,167;290511,226;45,00
370895,521;290511,156;45,00
370895,000;290511,068;45,00
370894,500;290510,957;45,00
370894,000;290510,814;45,00
370893,500;290510,630;45,00
370893,000;290510,414;45,00
370892,500;290510,172;45,00
370892,000;290509,898;45,00
370891,514;290509,594;45,00
370891,111;290509,322;45,00
370890,609;290508,924;45,00
370890,333;290508,646;45,00
370890,059;290508,362;45,00
370889,640;290507,882;45,00
370889,400;290507,485;45,00
370889,267;290507,000;45,00
370889,409;290506,513;45,00
370889,926;290506,101;45,00
370890,664;290505,859;45,00
370891,937;290505,626;45,00
370892,962;290505,474;45,00
370893,833;290505,355;45,00
370894,479;290505,275;45,00
370895,000;290505,220;45,00
370895,521;290505,172;45,00
370896,167;290505,124;45,00
370896,985;290505,074;45,00
370897,725;290505,031;45,00
370898,733;290504,991;45,00
